

L=3 [7.628298041963965e-05, 7.115508182664599e-12, 2.549849220656597e-12, 1.8034018722801193e-12]
L=4 [5.62875301923782e-12,  2.486457040262735e-10, 9.333963602031758e-11, 8.425871111938932e-12, 2.856304082143879e-12]
L=5 [0.23740583985079872,  0.09018143303410489, 0.005630595118117938, 2.306564717002857e-09, 1.3992125902362317e-09]
L=6 [0.21821515736153224, 0.12117207266992884,  0.032803823376721296, 0.0025723319313157742, 1.5313387402571265e-08, 5.903220134939602e-09, 6.335558078163217e-09]
L=7 [0.4416971453768938, 0.34299320384153126, 0.22001574619512673, 0.12844234779741895, 0.05962808328780318, 0.035828445509600716, 0.011771594826817111,  0.004130638042409207,  0.00019832176531731083,  9.665429889782473e-08, 1.5870017522345847e-08, 9.458759331337774e-09]
L=8 [0.6056825526205183, 0.438986601838685, 0.3193890360989698,  0.2425347989227742, 0.16197830129699997, 0.07344478982751768, 0.066922248587858, 0.05276029556729145, 0.013381105199347432, 0.00896657503515308, 0.002310166409083547, 0.00045735592659534863, 0.00010921068541902557, 2.9730262285365683e-07, 6.897986482012897e-08]
L=9 [0.6750787364173185, 0.530680420755301, 0.45735440289247686, 0.34511543046386195, 0.3125376803388209, 0.22174826552906213, 0.18542487903302407, 0.17885545432756755, 0.14845909180398975, 0.11433048717285754, 0.08389648975101716, 0.07697281787855204, 0.05106172867892089, 0.04424654711679288, 0.03498580927868111, 0.03188829944091931, 0.019497839935901262, 0.01605811444620464, 0.008795035405009477, 0.006602343638761776, 0.00456348055081246, 0.00319472835241863, 0.0018261131324043278]
L=10 [0.6369274620479408, 0.5224910459936618, 0.4797445893373805, 0.3436969438668106, 0.2975110350752568, 0.28952671496855387, 0.25106137841898446]
L=11 [0.7884947125456306, 0.6862101064288398, 0.5347413862950722, 0.5011341125653361]


------------------------------------------------------------------------------------------------------------------------------

after redoing the results with correct fidelity

L=3 [0.00015256013855469153, 4.907185768843192e-14, 3.683497951101344e-12, 2.0097257191764584e-12]
L=4 [4.700684286262913e-12, 7.647593669446451e-11, 2.283062627839172e-12, 6.17284001691587e-14, 8.860356892625987e-11]
L=5 [0.4069000826479028, 0.2378422486937437, 0.024432551902840216, 1.2919141312295324e-09, 3.09800118891701e-09, 5.107769762702219e-10]
L=6 [0.38881245977091017, 0.22441976450186074, 0.048631739642732597, 0.005182203313955247, 9.50861900328448e-09, 1.938797122846836e-09]
L=7 [0.6420723646096741, 0.5581311119772459, 0.49642477754337, 0.28066697161920773, 0.11249692395611921, 0.03206784416958486, 0.014203238148108088, 0.004506900547840642, 0.001017898445123011, 6.9348354840848e-06]
L=8 [0.8536958935049996, 0.6951962430165066, 0.47586992138471884, 0.3839291931612888, 0.2575741172041175, 0.16072210325517322, 0.1026678294111073, 0.08052865923892405, 0.044014624424270066, 0.02191650807403589, 0.008091574986286099, 0.003400593223235715]
L=9 [0.8866691981842769, 0.760753491939057, 0.6625248401365769, 0.6102880295004625, 0.47729626339520637, 0.3827278600560313, 0.37230409291758537, 0.30188770472967374, 0.190332885237388] 10?

with symmetry
L=6 [0.3969392261532112, 0.27219307998373365, 0.266584747137671, 0.24032626747533214, 0.20805467291811275, 0.12351452100403437, 0.13194496093924946, 0.06627576134255209, 0.0005343692118171539, 3.5568172851441204e-09]
L=8 [0.9652902338493892, 0.8596618868600021, 0.8137000352120973, 0.7707980014190882, 0.7227938939528208, 0.7974944957403602, 0.6295902348892487, 0.6527084412314534, 0.5913450137513361, 0.540022498640205, 0.3520609401844632, 0.45482610810730795, 0.37585529177195653, 0.2829184509050712, 0.31964069639787573, 0.24572388339715567, 0.20691471562707953]