

L=3 [2.599098714028969e-11, 6.125322471461914e-12, 7.327471962526033e-13]
L=4 [7.192024753521764e-13, 1.787459069646502e-13, 9.681144774731365e-14]
L=5 [0.4159596154146591, 9.986991234001152e-09, 1.7478323233177662e-09]
L=6 [0.5234665493958477, 0.0038686775787357686, 7.284267189433535e-09, 1.2007779215394976e-09]
L=7 [0.7142353613878716, 0.26846378568707496, 0.06547833763979549, 0.0173487490934342, 1.0313857635724233e-06, 1.7326521217775337e-08]
L=8 [0.7835836381520376, 0.3121972984683157, 0.19619100202187645, 0.06887489564775928, 0.02583280676792732, 0.0026438715287678827, 6.952103905888407e-07]
L=9 [0.8483904959898904, 0.6072931714019811, 0.4941812451313077, 0.31591013845472105, 0.24532187694141727, 0.13663638552074864, 0.11536215694501595, 0.05786562167742082, 0.032166035913461566, 0.018880427639350827, 0.006625673250153397, 0.001948521023840355]
L=10 [0.8879790111695847, 0.7294990436175095, 0.5790671880011762, 0.5063480404801541, 0.37952179032163, 0.30989802077110384, 0.26024103836429746, 0.19308785259896655, 0.13654299672655845, 0.09858994902173868, 0.07661753719910824, 0.06219268687705359, 0.03649838013077711, 0.02721716350336234, 0.017231557090538474, 0.007947747273803318, 0.005933570212399042, 0.002158684827835433, 0.0006483295091939123, 0.00010185335759260727]
L=11 [0.9326016513580055, 0.8581580273296392, 0.7866454193530842, 0.7257785860014714, 0.6395334820000036, 0.5647207520390095, 0.5131322876171256, 0.48536785319319287, 0.4219396641725818, 0.37620060302657365, 0.3218337584415224, 0.3009967332634128, 0.2737623534910756, 0.233735945255939, 0.2080666187855046, 0.18589704232979254, 0.15190739606028514, 0.138743293591286, 0.11879283897637982, 0.1026273416313066, 0.08792610376088494, 0.0733681372798396, 0.06157579391495793, 0.0551466167707112, 0.042731028755713885, 0.03691495668001332, 0.030440904280322423, 0.0225602382544422, 0.019479386894493023, 0.013437644113247549]

--------------------------------------------------------------------------------------------------------------------------------------------

neel state

L=3 [5.588469909056926e-10, 2.0827159996628098e-10]
L=4 [0.001168806471793331, 6.137607163125836e-07, 2.9467021409601557e-08]
L=5 [0.221483226411549, 3.516649276943173e-05, 3.5626192662618907e-09, 2.3491798506469763e-09]
L=6 [0.5235831350848252, 0.1083608801605783, 0.005335858738842259, 1.6297208194071544e-08, 7.191482065405097e-09]
L=7 [0.6040549826328518, 0.23093713565766655, 0.05580251843277639, 0.006179206353788902, 1.9743014617601418e-06, 6.762318172093273e-08]
L=8 [0.6176635173647363, 0.4390706383021266, 0.2408873676967919, 0.14031169478591124, 0.05890306619134159, 0.02307252601390696, 0.005092728379774802, 0.0004371954153208346, 2.697683505470394e-07]
L=9 [0.785334008250023, 0.613777408810309, 0.4576167020008981, 0.3288543148417202, 0.22143088145446158, 0.14860190229834255, 0.08759629838864513, 0.05802319045287724, 0.031662276466621564, 0.01587701353584159, 0.007213445838580079, 0.0024537179100346806, 0.0002624472754672036, 7.774376831970464e-06]
L=10 [0.8610560425939218, 0.7231270541629369, 0.6285820336580716, 0.5370094711445761, 0.4586670741282329, 0.3807929396950779, 0.3174909773888193, 0.2513449067963391, 0.2195720123424823, 0.1836289000938064, 0.13420489033620941, 0.10721758114982793, 0.08139500801780553, 0.06053323515587661, 0.04577449938456679, 0.031191148885733266, 0.02140432456271879, 0.015623953576980876, 0.008632197587004065, 0.006153346788576708, 0.003555021475440623, 0.0012671810611337708, 0.00041213024535813325]
L=11 [0.9261151779099567, 0.8511945891384742, 0.7693913421191709, 0.7073966104074536, 0.6350478379136983, 0.5722619483297715, 0.5140257240775905, 0.46788426632209407, 0.4159054651627615, 0.37253946949386274, 0.34305439845434527, 0.28397825796210435, 0.2621012760382251, 0.2292239802230862, 0.2092687281810458, 0.1758191269051449, 0.15842184067966425, 0.14045944600811022, 0.11961690247603807, 0.09650567935767884, 0.08439628643918373, 0.07616674755108555, 0.06594632341955187, 0.05024206309546597, 0.0439167088314526]