(4_w,8)-aCMA-ES (mu_w=2.6,w_1=52%) in dimension 4 (seed=870751, Mon Jul 19 20:36:16 2021)
(4_w,8)-aCMA-ES (mu_w=2.6,w_1=52%) in dimension 4 (seed=854983, Mon Jul 19 20:53:30 2021)
Iterat #Fevals   function value  axis ratio  sigma  min&max std  t[m:s]
    1     25 2.552721464681708e-01 1.0e+00 1.57e+00  1e+00  2e+00 5:44.4
    2     50 5.873139687585405e-02 1.4e+00 1.45e+00  1e+00  2e+00 10:20.0
    3     75 7.020206752299663e-02 1.5e+00 1.14e+00  1e+00  1e+00 15:35.3
    4    100 9.395056927776979e-02 1.6e+00 1.01e+00  8e-01  1e+00 21:12.1
    5    125 7.867583006770873e-02 1.6e+00 8.88e-01  7e-01  1e+00 61:59.2
    6    150 6.836899828194665e-02 1.7e+00 7.41e-01  5e-01  7e-01 75:46.3
    7    175 1.430316481445483e-01 1.8e+00 6.54e-01  4e-01  6e-01 80:34.8
    8    200 5.357640269759512e-02 1.8e+00 6.61e-01  4e-01  6e-01 85:22.4
    9    225 8.882041087492842e-02 1.9e+00 6.50e-01  4e-01  6e-01 89:47.4
   10    250 8.391597399745865e-02 2.2e+00 6.12e-01  4e-01  5e-01 94:22.4
   11    275 1.133785935947470e-01 2.1e+00 5.47e-01  3e-01  4e-01 134:47.1
(4_w,8)-aCMA-ES (mu_w=2.6,w_1=52%) in dimension 4 (seed=844404, Tue Jul 20 14:25:44 2021)
Iterat #Fevals   function value  axis ratio  sigma  min&max std  t[m:s]
    1     25 1.735128791920989e-01 1.0e+00 1.43e+00  1e+00  1e+00 4:53.9
    2     50 1.043139029469564e-01 1.3e+00 1.20e+00  1e+00  1e+00 9:00.8
    3     75 1.392965321068105e-01 1.3e+00 1.16e+00  1e+00  1e+00 13:10.2
    4    100 4.638718357997640e-02 1.6e+00 1.19e+00  1e+00  1e+00 17:22.3
    5    125 1.337008112012880e-01 1.8e+00 1.08e+00  8e-01  1e+00 29:24.0
    6    150 1.004777725445027e-01 1.9e+00 9.69e-01  7e-01  1e+00 41:29.2
    7    175 5.947369509714395e-02 2.1e+00 8.91e-01  6e-01  9e-01 66:48.0
    8    200 4.198794606608658e-03 2.4e+00 8.25e-01  5e-01  9e-01 71:32.4
(4_w,8)-aCMA-ES (mu_w=2.6,w_1=52%) in dimension 4 (seed=891827, Tue Jul 20 16:00:52 2021)
Iterat #Fevals   function value  axis ratio  sigma  min&max std  t[m:s]
    1     25 1.869881287482181e-01 1.0e+00 1.64e+00  1e+00  2e+00 36:01.9
    2     50 1.486734261931790e-01 1.4e+00 1.63e+00  1e+00  2e+00 40:48.1
    3     75 2.874773801649597e-01 1.5e+00 1.42e+00  1e+00  2e+00 76:23.2
    4    100 2.667288222378716e-01 1.6e+00 1.16e+00  8e-01  1e+00 92:12.0
    5    125 1.907513739129116e-01 1.8e+00 1.06e+00  7e-01  1e+00 96:59.3
    6    150 2.037572727785725e-01 1.7e+00 9.43e-01  6e-01  1e+00 104:31.1
    7    175 1.227838636585120e-01 1.8e+00 8.79e-01  6e-01  9e-01 114:04.9
    8    200 1.479383399140508e-01 1.8e+00 8.42e-01  6e-01  8e-01 126:18.5
    9    225 6.133940595220322e-02 1.9e+00 7.25e-01  5e-01  6e-01 135:42.9
   10    250 8.792389362128417e-02 2.1e+00 7.46e-01  5e-01  6e-01 148:34.8
   11    275 2.073646236225568e-01 2.1e+00 6.97e-01  5e-01  6e-01 191:43.3
   12    300 1.021742808408080e-01 2.4e+00 5.84e-01  4e-01  5e-01 235:31.0
   13    325 4.084532026028631e-02 2.2e+00 5.20e-01  3e-01  4e-01 243:42.6
   14    350 2.121595473781079e-02 2.2e+00 5.03e-01  3e-01  4e-01 255:25.0
   15    375 4.457346779436755e-02 2.2e+00 4.41e-01  2e-01  3e-01 259:58.3
   16    400 2.945654497611960e-02 1.9e+00 5.38e-01  3e-01  4e-01 264:47.9
   17    425 1.021900657627516e-01 2.1e+00 4.65e-01  3e-01  3e-01 272:10.0
   18    450 7.965347345826135e-02 2.1e+00 4.36e-01  2e-01  3e-01 277:31.9
   19    475 5.917683502529425e-02 2.0e+00 3.93e-01  2e-01  2e-01 285:34.8
   20    500 1.311529096769586e-01 2.1e+00 4.44e-01  2e-01  3e-01 293:55.7
   21    525 2.558495978662156e-02 2.4e+00 5.08e-01  3e-01  4e-01 302:13.2
   22    550 4.981460618277334e-02 2.8e+00 4.86e-01  2e-01  4e-01 310:29.0
   23    575 5.654910991825335e-02 2.6e+00 4.85e-01  2e-01  4e-01 315:27.9
   24    600 8.061020111929518e-02 2.8e+00 4.54e-01  2e-01  4e-01 322:50.0
   25    625 2.173167038192170e-02 2.9e+00 4.00e-01  2e-01  3e-01 331:17.2
   26    650 2.246658046011984e-02 3.0e+00 3.81e-01  2e-01  3e-01 339:45.0
   27    675 2.607101594691597e-02 3.5e+00 4.13e-01  2e-01  3e-01 344:17.4
   28    700 5.932354185385225e-02 3.2e+00 5.39e-01  2e-01  4e-01 352:23.3
   29    725 3.726332062702220e-02 3.6e+00 5.08e-01  2e-01  4e-01 357:01.8
   30    750 2.482837459881182e-02 4.1e+00 5.10e-01  2e-01  4e-01 361:35.5
   31    775 8.610880210726690e-02 4.2e+00 4.42e-01  2e-01  4e-01 406:48.2
   32    800 7.531417616908520e-02 4.6e+00 5.57e-01  2e-01  5e-01 413:56.1
termination on ftarget=0.005
final/bestever f-value = 4.198795e-03 4.198795e-03
incumbent solution: [0.9127679238531314, 6.031739164473742, 1.6943848962390364, 2.032219307273867]
std deviation: [0.8558479799712291, 0.6681841043388346, 0.5397586060380101, 0.6571389776133807]
CMAEvolutionStrategyResult(xbest=array([1.16407931, 5.71338858, 1.67559148, 2.10277037]), fbest=0.004198794606608658, evals_best=187, evaluations=200, iterations=8, xfavorite=array([0.91276792, 6.03173916, 1.6943849 , 2.03221931]), stds=array([0.85584798, 0.6681841 , 0.53975861, 0.65713898]), stop={'ftarget': 0.005})
(4_w,8)-aCMA-ES (mu_w=2.6,w_1=52%) in dimension 4 (seed=1044777, Wed Jul 21 08:02:20 2021)
Iterat #Fevals   function value  axis ratio  sigma  min&max std  t[m:s]
    1     25 2.873206991872035e-01 1.0e+00 1.47e+00  1e+00  2e+00 4:33.6
    2     50 3.154552094055333e-01 1.2e+00 1.47e+00  1e+00  1e+00 9:20.2
    3     75 3.846829941622943e-01 1.3e+00 1.24e+00  1e+00  1e+00 16:19.0
    4    100 3.081586874354729e-01 1.3e+00 1.03e+00  8e-01  1e+00 20:52.7
    5    125 1.581168451571466e-01 1.5e+00 8.56e-01  7e-01  7e-01 25:38.0
    6    150 3.402362179818875e-01 1.6e+00 7.74e-01  5e-01  7e-01 30:55.5
    7    175 1.708563331274189e-01 1.8e+00 6.91e-01  4e-01  6e-01 36:58.6
    8    200 1.007851557986938e-01 1.9e+00 7.37e-01  5e-01  7e-01 42:17.9
    9    225 1.909065165820272e-01 2.3e+00 6.27e-01  4e-01  6e-01 47:53.0
   10    250 1.414436220140542e-01 2.3e+00 5.48e-01  3e-01  5e-01 52:16.6
   11    275 4.579875106610742e-02 2.5e+00 4.82e-01  2e-01  4e-01 57:55.4
   12    300 1.651946577499771e-01 2.7e+00 5.07e-01  2e-01  5e-01 62:31.6
   13    325 1.032858418333557e-01 3.2e+00 4.35e-01  2e-01  4e-01 68:16.2
   14    350 1.537021857777949e-01 3.4e+00 4.70e-01  2e-01  4e-01 72:52.4
   15    375 1.592970867045600e-01 3.7e+00 4.65e-01  2e-01  4e-01 77:22.2
   16    400 8.180959099498508e-02 4.3e+00 3.75e-01  2e-01  3e-01 82:03.2
   17    425 6.338675718361075e-02 4.5e+00 3.21e-01  1e-01  3e-01 86:52.9
   18    450 6.864181862141261e-02 4.3e+00 2.78e-01  1e-01  3e-01 91:40.1
   19    475 5.331546636940288e-02 4.4e+00 2.46e-01  1e-01  2e-01 96:11.3
   20    500 8.958340653153274e-02 4.5e+00 2.25e-01  1e-01  2e-01 100:52.4
   21    525 9.555819813014688e-02 4.8e+00 2.03e-01  9e-02  2e-01 105:24.8
   22    550 6.097782152404041e-02 5.3e+00 1.88e-01  8e-02  2e-01 110:01.5
   23    575 6.406963085707618e-02 5.8e+00 2.22e-01  9e-02  2e-01 114:46.0
   24    600 1.046497233398309e-01 5.3e+00 2.59e-01  1e-01  2e-01 120:13.6
   25    625 3.207728905933593e-02 5.3e+00 2.59e-01  1e-01  2e-01 125:50.5
   26    650 9.359757534342705e-02 5.8e+00 3.15e-01  1e-01  3e-01 131:18.3
   27    675 1.439243578661370e-01 5.7e+00 3.31e-01  1e-01  3e-01 137:16.3
   28    700 1.295825618382270e-01 7.6e+00 3.56e-01  1e-01  3e-01 141:51.2
   29    725 5.222995627303029e-02 7.7e+00 4.06e-01  1e-01  4e-01 146:40.4
   30    750 1.806214251624830e-01 6.7e+00 3.65e-01  1e-01  3e-01 152:15.3
   31    775 1.515951195810744e-01 7.0e+00 3.78e-01  1e-01  4e-01 156:45.5
   32    800 1.705245366494630e-01 8.0e+00 4.62e-01  1e-01  5e-01 161:40.6
   33    825 1.820498742118354e-01 8.7e+00 4.08e-01  1e-01  4e-01 166:10.1
(4_w,8)-aCMA-ES (mu_w=2.6,w_1=52%) in dimension 4 (seed=1076248, Wed Jul 21 18:01:24 2021)
Iterat #Fevals   function value  axis ratio  sigma  min&max std  t[m:s]
    1     25 2.182679567471484e-01 1.0e+00 1.52e+00  1e+00  2e+00 4:30.3
    2     50 3.836134802142384e-01 1.3e+00 1.31e+00  1e+00  1e+00 9:21.4
    3     75 3.181335322187739e-01 1.4e+00 1.27e+00  1e+00  1e+00 14:16.3
    4    100 1.300139118130434e-01 1.5e+00 1.29e+00  1e+00  2e+00 18:40.5
    5    125 3.473730346909093e-01 2.0e+00 1.40e+00  1e+00  2e+00 23:24.8
    6    150 3.314117496474498e-01 1.7e+00 1.50e+00  1e+00  2e+00 27:58.5
    7    175 1.743277494172718e-01 1.9e+00 1.53e+00  1e+00  2e+00 32:32.0
    8    200 1.393038320201253e-01 1.9e+00 1.41e+00  1e+00  2e+00 37:18.7
    9    225 1.507344489320898e-01 2.1e+00 1.31e+00  1e+00  2e+00 41:55.9
   10    250 1.117038487135298e-01 2.2e+00 1.10e+00  8e-01  1e+00 46:38.2
   11    275 1.748035945962211e-01 2.3e+00 8.42e-01  6e-01  1e+00 51:09.9
   12    300 1.408847214067795e-01 2.4e+00 7.72e-01  5e-01  1e+00 55:40.2
   13    325 9.280398059580963e-02 2.5e+00 7.45e-01  4e-01  9e-01 60:12.9
   14    350 1.317453298074441e-01 2.2e+00 7.70e-01  5e-01  1e+00 64:50.5
   15    375 1.599953642688501e-01 2.6e+00 7.36e-01  4e-01  1e+00 69:18.0
   16    400 1.336903266817918e-01 2.9e+00 6.20e-01  3e-01  8e-01 73:46.0
   17    425 9.534409845847069e-02 3.1e+00 5.13e-01  3e-01  7e-01 78:17.3
   18    450 9.070212082112905e-02 3.3e+00 4.43e-01  2e-01  5e-01 82:48.8
   19    475 1.314416451230678e-01 3.2e+00 4.33e-01  2e-01  5e-01 87:14.9
   20    500 2.197027834718785e-01 3.3e+00 5.15e-01  2e-01  6e-01 91:46.1
   21    525 1.098839421246079e-01 3.7e+00 5.52e-01  3e-01  6e-01 96:28.5
   22    550 1.487706881398422e-01 3.8e+00 4.78e-01  2e-01  5e-01 100:58.6
   23    575 1.877728021991502e-01 3.6e+00 4.39e-01  2e-01  5e-01 105:26.7
   24    600 1.551306635342236e-01 3.5e+00 4.19e-01  2e-01  4e-01 109:50.7
   25    625 1.695214966431777e-01 2.9e+00 3.78e-01  2e-01  4e-01 114:29.0
   26    650 1.019583481051093e-01 3.0e+00 3.18e-01  1e-01  3e-01 119:03.3
   27    675 1.217360070238149e-01 3.3e+00 2.91e-01  1e-01  3e-01 123:34.7
   28    700 6.701484285216885e-02 3.0e+00 2.38e-01  9e-02  2e-01 128:18.3
