(5_w,11)-aCMA-ES (mu_w=3.4,w_1=42%) in dimension 12 (seed=883707, Wed Aug 11 15:12:22 2021)
Iterat #Fevals   function value  axis ratio  sigma  min&max std  t[m:s]
    1     25 7.362241192475749e-01 1.0e+00 1.48e+00  1e+00  2e+00 5:24.7
    2     50 6.329907081037311e-01 1.2e+00 1.55e+00  2e+00  2e+00 11:07.5
    3     75 7.316407321825097e-01 1.3e+00 1.56e+00  2e+00  2e+00 16:56.7
    4    100 6.618957039486308e-01 1.4e+00 1.43e+00  1e+00  2e+00 22:24.8
    5    125 7.054094181729524e-01 1.4e+00 1.37e+00  1e+00  1e+00 27:38.3
    6    150 6.548548273558137e-01 1.4e+00 1.30e+00  1e+00  1e+00 33:31.4
    7    175 6.942662921472639e-01 1.4e+00 1.18e+00  1e+00  1e+00 46:38.5
    8    200 6.828072678257286e-01 1.4e+00 1.07e+00  1e+00  1e+00 56:49.6
    9    225 6.838346759453291e-01 1.4e+00 1.05e+00  1e+00  1e+00 62:37.0
   10    250 5.896731060781184e-01 1.4e+00 1.08e+00  1e+00  1e+00 68:07.7
   11    275 5.621447647343324e-01 1.5e+00 1.07e+00  1e+00  1e+00 76:12.9
   12    300 6.266634097502205e-01 1.6e+00 1.04e+00  9e-01  1e+00 81:45.8
   13    325 5.790448107780886e-01 1.6e+00 1.03e+00  9e-01  1e+00 88:34.9
   14    350 5.096220979324990e-01 1.6e+00 1.03e+00  9e-01  1e+00 94:21.2
   15    375 5.742709140560058e-01 1.5e+00 1.05e+00  9e-01  1e+00 106:33.5
   16    400 6.239184503016538e-01 1.5e+00 1.08e+00  9e-01  1e+00 112:03.6
   17    425 6.978953738368696e-01 1.6e+00 1.03e+00  9e-01  1e+00 117:30.3
   18    450 7.187686479145146e-01 1.6e+00 1.00e+00  8e-01  1e+00 122:37.8
   19    475 6.128936842894219e-01 1.7e+00 1.04e+00  9e-01  1e+00 128:10.7
   20    500 5.788708243056273e-01 1.7e+00 9.93e-01  8e-01  1e+00 133:20.5
   21    525 6.207932899637754e-01 1.7e+00 9.74e-01  8e-01  1e+00 138:30.5
   22    550 7.161482281519063e-01 1.7e+00 9.49e-01  8e-01  1e+00 144:02.6
   23    575 6.216095849389320e-01 1.7e+00 8.87e-01  7e-01  9e-01 149:28.4
   24    600 7.080152234090666e-01 1.7e+00 8.53e-01  7e-01  9e-01 155:08.6
   25    625 5.441257739078748e-01 1.7e+00 7.84e-01  6e-01  8e-01 160:14.8
   26    650 7.072871253684019e-01 1.8e+00 7.31e-01  6e-01  8e-01 165:59.4
   27    675 6.391719330464125e-01 1.8e+00 6.93e-01  5e-01  7e-01 171:54.8
   28    700 6.303163804883117e-01 1.9e+00 6.32e-01  5e-01  7e-01 177:19.8
   29    725 5.985552838473031e-01 1.9e+00 5.96e-01  5e-01  6e-01 182:43.2
   30    750 6.386100155269649e-01 2.0e+00 5.26e-01  4e-01  6e-01 188:05.1
   31    775 6.197857855603106e-01 2.0e+00 4.91e-01  4e-01  5e-01 194:07.8
   32    800 6.331020957540429e-01 2.0e+00 4.76e-01  4e-01  5e-01 199:45.4
   33    825 5.799415229593186e-01 2.1e+00 4.49e-01  3e-01  5e-01 205:10.6
   34    850 5.514467031661514e-01 2.1e+00 4.25e-01  3e-01  5e-01 210:49.2
   35    875 5.692853185165461e-01 2.1e+00 3.97e-01  3e-01  4e-01 216:05.0
   36    900 5.131503929378232e-01 2.0e+00 3.97e-01  3e-01  4e-01 221:28.8
   37    925 5.870801920250632e-01 2.0e+00 3.87e-01  3e-01  4e-01 227:00.6
   38    950 5.853176473430172e-01 2.1e+00 3.77e-01  3e-01  4e-01 232:27.5
   39    975 6.196862077355740e-01 2.1e+00 3.42e-01  2e-01  4e-01 238:27.7
   40   1000 5.359042317340761e-01 2.1e+00 3.22e-01  2e-01  3e-01 243:39.6
   41   1025 6.088504414736028e-01 2.1e+00 3.07e-01  2e-01  3e-01 248:45.1
   42   1050 5.327177777681742e-01 2.1e+00 3.15e-01  2e-01  3e-01 254:15.0
   43   1075 4.958722630702155e-01 2.2e+00 3.20e-01  2e-01  3e-01 259:49.5
   44   1100 5.147885377190113e-01 2.2e+00 3.33e-01  2e-01  4e-01 267:43.7
   45   1125 5.686645296306786e-01 2.2e+00 3.53e-01  2e-01  4e-01 273:04.3
   46   1150 5.119558438650389e-01 2.1e+00 3.92e-01  3e-01  4e-01 278:24.7
   47   1175 4.868802494691077e-01 2.2e+00 4.05e-01  3e-01  4e-01 283:30.4
   48   1200 5.362785042535265e-01 2.3e+00 4.18e-01  3e-01  5e-01 288:55.3
   49   1225 5.046187768031491e-01 2.4e+00 4.30e-01  3e-01  5e-01 294:09.9
   50   1250 5.126295111685029e-01 2.4e+00 4.43e-01  3e-01  5e-01 299:17.4
   51   1275 4.417153322517641e-01 2.4e+00 4.68e-01  3e-01  5e-01 304:43.7
   52   1300 4.864827941932393e-01 2.5e+00 4.84e-01  3e-01  5e-01 310:11.2
   53   1325 5.053576431226303e-01 2.5e+00 4.98e-01  3e-01  5e-01 315:42.4
   54   1350 4.526517763972182e-01 2.6e+00 5.08e-01  3e-01  6e-01 322:09.6
   55   1375 5.034750230386730e-01 2.6e+00 5.31e-01  3e-01  6e-01 327:18.8
   56   1400 4.150704704825973e-01 2.7e+00 5.41e-01  3e-01  6e-01 333:31.7
   57   1425 4.710398090805721e-01 2.8e+00 5.78e-01  4e-01  6e-01 339:28.8
   58   1450 4.737492312832189e-01 2.8e+00 6.18e-01  4e-01  7e-01 345:21.2
   59   1475 4.041575116743067e-01 2.9e+00 6.22e-01  4e-01  7e-01 351:13.6
   60   1500 4.964113630689219e-01 3.0e+00 5.99e-01  4e-01  7e-01 356:29.8
   61   1525 4.260868731387871e-01 3.1e+00 5.31e-01  3e-01  6e-01 364:54.3
   62   1550 5.461478875916878e-01 3.1e+00 5.14e-01  3e-01  6e-01 375:51.0
   63   1575 4.220586363575206e-01 3.1e+00 4.97e-01  3e-01  6e-01 381:06.9
   64   1600 4.039792050522444e-01 3.1e+00 4.95e-01  3e-01  6e-01 386:32.2
   65   1625 4.829220105144634e-01 3.1e+00 4.84e-01  3e-01  6e-01 392:23.6
   66   1650 4.320002297858890e-01 3.3e+00 4.51e-01  3e-01  5e-01 397:51.3
   67   1675 4.456416948536898e-01 3.3e+00 4.01e-01  3e-01  5e-01 407:50.9
   68   1700 4.836503983749952e-01 3.3e+00 3.60e-01  2e-01  4e-01 413:19.9
   69   1725 4.643852546041114e-01 3.3e+00 3.16e-01  2e-01  4e-01 419:41.1
   70   1750 3.995916761417644e-01 3.3e+00 2.95e-01  2e-01  3e-01 425:21.5
   71   1775 4.497863803069169e-01 3.4e+00 2.80e-01  2e-01  3e-01 430:47.1
   72   1800 3.844469470801313e-01 3.4e+00 2.73e-01  2e-01  3e-01 436:12.6
   73   1825 4.677037077532713e-01 3.4e+00 2.65e-01  2e-01  3e-01 442:01.4
   74   1850 4.293035194159757e-01 3.4e+00 2.76e-01  2e-01  3e-01 447:27.5
   75   1875 4.219316439513906e-01 3.4e+00 2.73e-01  2e-01  3e-01 452:50.4
   76   1900 4.096718429271112e-01 3.4e+00 2.60e-01  1e-01  3e-01 462:48.5
   77   1925 4.164162645985919e-01 3.5e+00 2.49e-01  1e-01  3e-01 468:07.5
   78   1950 4.565139815823709e-01 3.5e+00 2.41e-01  1e-01  3e-01 474:43.6
   79   1975 4.240202428397770e-01 3.5e+00 2.26e-01  1e-01  2e-01 481:40.5
   80   2000 4.531912910039307e-01 3.5e+00 2.06e-01  1e-01  2e-01 487:53.2
   81   2025 5.111853889478779e-01 3.6e+00 1.98e-01  1e-01  2e-01 494:23.3
   82   2050 5.433067805355007e-01 3.6e+00 1.96e-01  1e-01  2e-01 510:38.6
   83   2075 4.962611614070128e-01 3.6e+00 2.03e-01  1e-01  2e-01 521:25.2
   84   2100 4.689733864773029e-01 3.7e+00 1.99e-01  1e-01  2e-01 530:55.4
   85   2125 4.694179366661919e-01 3.7e+00 1.92e-01  1e-01  2e-01 536:21.9
   86   2150 4.467795852238828e-01 3.7e+00 1.95e-01  1e-01  2e-01 541:55.5
   87   2175 4.363393514575901e-01 3.7e+00 1.95e-01  1e-01  2e-01 547:11.0
   88   2200 4.001691784151306e-01 3.7e+00 1.81e-01  1e-01  2e-01 552:27.5
   89   2225 4.125651802411743e-01 3.6e+00 1.72e-01  1e-01  2e-01 558:25.3
   90   2250 4.234330592680663e-01 3.6e+00 1.75e-01  1e-01  2e-01 563:50.6
   91   2275 4.516849012351216e-01 3.5e+00 1.80e-01  1e-01  2e-01 569:07.3
   92   2300 4.156877061355926e-01 3.5e+00 1.81e-01  1e-01  2e-01 574:17.8
   93   2325 4.736465690151567e-01 3.6e+00 1.82e-01  1e-01  2e-01 579:49.6
   94   2350 5.141265274534861e-01 3.6e+00 1.73e-01  1e-01  2e-01 585:10.7
   95   2375 4.764987738694743e-01 3.6e+00 1.64e-01  9e-02  2e-01 590:29.5
   96   2400 5.815314767131700e-01 3.7e+00 1.56e-01  9e-02  2e-01 595:47.4
   97   2425 5.241860258367302e-01 3.8e+00 1.45e-01  8e-02  2e-01 601:15.1
   98   2450 5.294342759726607e-01 3.9e+00 1.37e-01  8e-02  1e-01 606:42.1
   99   2475 4.620945871749628e-01 3.8e+00 1.30e-01  7e-02  1e-01 615:01.9
  100   2500 4.299712350021364e-01 3.7e+00 1.23e-01  7e-02  1e-01 622:41.7
  101   2525 4.222276663053529e-01 3.7e+00 1.15e-01  6e-02  1e-01 629:20.1
  102   2550 4.548114042876916e-01 3.7e+00 1.10e-01  6e-02  1e-01 635:20.6
  103   2575 4.500657597759385e-01 3.7e+00 1.15e-01  6e-02  1e-01 640:35.6
  104   2600 4.984713176757346e-01 3.6e+00 1.19e-01  7e-02  1e-01 645:56.7
  105   2625 5.055194487118906e-01 3.7e+00 1.21e-01  7e-02  1e-01 654:48.5
  106   2650 4.991141488268521e-01 3.7e+00 1.19e-01  7e-02  1e-01 660:28.5
  107   2675 4.793603365691322e-01 3.8e+00 1.19e-01  7e-02  1e-01 667:26.9
  108   2700 3.941799387608474e-01 3.9e+00 1.20e-01  7e-02  1e-01 673:05.4
  109   2725 4.455159977057069e-01 3.8e+00 1.19e-01  7e-02  1e-01 678:41.9
  110   2750 4.279847754384432e-01 3.9e+00 1.12e-01  6e-02  1e-01 684:27.5
  111   2775 3.380121355092637e-01 4.0e+00 1.08e-01  6e-02  1e-01 690:00.1
  112   2800 3.728760138762715e-01 4.1e+00 1.09e-01  6e-02  1e-01 695:44.4
  113   2825 4.125465939314730e-01 4.0e+00 1.19e-01  7e-02  1e-01 713:39.6
  114   2850 2.913587182590968e-01 4.0e+00 1.25e-01  7e-02  1e-01 732:55.4
(5_w,11)-aCMA-ES (mu_w=3.4,w_1=42%) in dimension 12 (seed=941896, Thu Aug 12 11:12:16 2021)
  115   2875 2.850309284606882e-01 4.5e+00 1.26e-01  7e-02  1e-01 741:24.2
  116   2900 2.699533568105503e-01 4.7e+00 1.30e-01  7e-02  1e-01 752:02.4
  117   2925 3.232284530141066e-01 4.6e+00 1.30e-01  7e-02  1e-01 759:39.6
  118   2950 3.959758027938385e-01 4.7e+00 1.42e-01  8e-02  2e-01 767:31.3
  119   2975 2.968750394185259e-01 4.9e+00 1.54e-01  9e-02  2e-01 776:00.9
  120   3000 3.025334634474467e-01 5.3e+00 1.61e-01  9e-02  2e-01 782:00.5
  121   3025 2.775563204560164e-01 5.4e+00 1.67e-01  1e-01  2e-01 789:49.0
(5_w,11)-aCMA-ES (mu_w=3.4,w_1=42%) in dimension 12 (seed=870398, Thu Aug 12 12:21:38 2021)
  122   3050 1.646542366951055e-01 5.5e+00 1.65e-01  9e-02  2e-01 797:04.5
  123   3075 1.182302241857968e-01 5.4e+00 1.63e-01  9e-02  2e-01 802:26.2
  124   3100 1.703017075036625e-01 5.5e+00 1.52e-01  8e-02  2e-01 807:57.8
  125   3125 1.482238375036324e-01 5.5e+00 1.50e-01  8e-02  2e-01 813:18.0
  126   3150 1.084899959326778e-01 5.6e+00 1.45e-01  8e-02  2e-01 825:38.3
  127   3175 1.051238815350723e-01 5.5e+00 1.32e-01  7e-02  2e-01 831:02.4
  128   3200 1.136105538129947e-01 5.4e+00 1.25e-01  6e-02  2e-01 836:55.3
  129   3225 8.211809948106552e-02 5.6e+00 1.22e-01  6e-02  2e-01 849:28.1
  130   3250 1.261207035097313e-01 5.8e+00 1.24e-01  6e-02  2e-01 854:42.9
  131   3275 1.412123684028824e-01 6.1e+00 1.18e-01  6e-02  2e-01 859:45.0
  132   3300 2.710249070325205e-01 6.2e+00 1.23e-01  6e-02  2e-01 864:47.4
  133   3325 6.630912592547566e-02 6.3e+00 1.23e-01  6e-02  2e-01 870:08.6
  134   3350 8.605625374360393e-02 6.4e+00 1.20e-01  6e-02  2e-01 874:56.6
  135   3375 2.827900427928541e-01 6.4e+00 1.14e-01  6e-02  1e-01 897:11.4
  136   3400 1.420066847405983e-01 6.6e+00 1.16e-01  6e-02  2e-01 903:47.7
  137   3425 1.597326641540466e-01 6.6e+00 1.13e-01  6e-02  2e-01 908:49.9
  138   3450 1.018854322780767e-01 6.5e+00 1.08e-01  5e-02  1e-01 913:54.5
  139   3475 5.386727164701233e-02 6.6e+00 1.01e-01  5e-02  1e-01 918:57.0
  140   3500 1.183704519671203e-02 6.4e+00 1.00e-01  5e-02  1e-01 924:27.9
  141   3525 1.689149256690495e-01 6.2e+00 9.62e-02  5e-02  1e-01 929:47.8
  142   3550 4.103096349844959e-03 6.1e+00 9.31e-02  4e-02  1e-01 934:51.2
termination on ftarget=0.005
final/bestever f-value = 4.103096e-03 4.103096e-03
incumbent solution: [ 2.881982    3.45285948  8.61840784  5.11963907  2.44154892  2.25935128
  0.88730637 -2.66073752 ...]
std deviations: [0.11727132 0.06358015 0.07176899 0.07270671 0.04463394 0.04570296
 0.09614431 0.06652128 ...]
CMAEvolutionStrategyResult(xbest=array([ 2.95188137,  3.47631227,  8.59330531,  5.14250342,  2.401263  ,
        2.25354645,  0.89832679, -2.67185141, -1.16138031,  0.69737696,
        3.99044099, 11.16306356]), fbest=0.004103096349844959, evals_best=3531, evaluations=3550, iterations=142, xfavorite=array([ 2.881982  ,  3.45285948,  8.61840784,  5.11963907,  2.44154892,
        2.25935128,  0.88730637, -2.66073752, -1.12290618,  0.68672512,
        3.99538734, 11.16861122]), stds=array([0.11727132, 0.06358015, 0.07176899, 0.07270671, 0.04463394,
       0.04570296, 0.09614431, 0.06652128, 0.05286169, 0.08263178,
       0.06026864, 0.05462162]), stop={'ftarget': 0.005})
