(4_w,8)-aCMA-ES (mu_w=2.6,w_1=52%) in dimension 4 (seed=501680, Fri Jul 16 22:25:08 2021)
Iterat #Fevals   function value  axis ratio  sigma  min&max std  t[m:s]
    1     25 7.415124399436557e-02 1.0e+00 1.56e+00  1e+00  2e+00 4:09.5
    2     50 8.590377413638706e-02 1.4e+00 1.47e+00  1e+00  2e+00 8:18.8
    3     75 8.936721722601793e-02 1.6e+00 1.36e+00  1e+00  2e+00 12:27.7
    4    100 2.275194855441093e-01 1.7e+00 1.18e+00  9e-01  1e+00 16:36.2
    5    125 2.080382695329330e-02 1.7e+00 1.36e+00  1e+00  1e+00 20:45.3
    6    150 2.180611319678127e-02 2.0e+00 1.64e+00  1e+00  2e+00 24:54.4
    7    175 1.679758160813360e-02 1.9e+00 1.58e+00  1e+00  2e+00 29:11.3
    8    200 7.860188325304573e-02 2.0e+00 1.49e+00  1e+00  2e+00 34:13.3
    9    225 2.346104219985756e-02 2.0e+00 1.35e+00  1e+00  1e+00 40:01.4
   10    250 8.498340971373852e-02 2.0e+00 1.27e+00  9e-01  1e+00 45:03.9
   11    275 9.858878522648440e-03 2.0e+00 1.24e+00  9e-01  1e+00 50:55.1
   12    300 3.390776933860384e-02 2.0e+00 1.07e+00  8e-01  1e+00 55:41.4
   13    325 3.443304178425255e-02 1.9e+00 9.52e-01  6e-01  9e-01 60:25.8
   14    350 7.170202145694304e-04 1.8e+00 1.01e+00  5e-01  1e+00 65:24.7
(4_w,8)-aCMA-ES (mu_w=2.6,w_1=52%) in dimension 4 (seed=586534, Fri Jul 16 23:32:42 2021)
Iterat #Fevals   function value  axis ratio  sigma  min&max std  t[m:s]
    1     25 7.164825970768995e-02 1.0e+00 1.61e+00  1e+00  2e+00 4:39.2
    2     50 5.527976976901361e-02 1.4e+00 1.68e+00  1e+00  2e+00 9:14.7
    3     75 4.651281622967729e-02 1.5e+00 1.95e+00  2e+00  2e+00 14:01.2
    4    100 2.659630520423528e-02 1.9e+00 2.14e+00  2e+00  3e+00 18:51.9
    5    125 3.405216370749531e-02 2.0e+00 2.61e+00  2e+00  4e+00 23:46.7
    6    150 7.975740251541030e-02 2.2e+00 3.14e+00  3e+00  5e+00 28:57.0
    7    175 5.515586871565714e-02 2.4e+00 2.95e+00  3e+00  5e+00 33:47.4
    8    200 4.682018840001811e-02 2.4e+00 2.38e+00  2e+00  4e+00 39:57.1
    9    225 1.085385213531593e-01 2.5e+00 2.35e+00  2e+00  4e+00 45:44.5
   10    250 1.977663073191815e-02 2.9e+00 2.13e+00  2e+00  3e+00 50:14.9
   11    275 2.728843923003610e-02 2.9e+00 1.66e+00  1e+00  3e+00 56:05.2
   12    300 2.684517200348213e-02 3.5e+00 1.74e+00  1e+00  3e+00 62:11.1
   13    325 8.889918507864669e-02 3.3e+00 1.91e+00  1e+00  3e+00 66:41.5
   14    350 3.850303929395049e-02 3.3e+00 2.02e+00  2e+00  3e+00 72:31.3
   15    375 5.406753396784714e-02 3.4e+00 2.00e+00  2e+00  3e+00 78:18.7
   16    400 1.891298515065378e-01 3.4e+00 2.06e+00  2e+00  3e+00 82:48.2
   17    425 5.183643972015739e-02 3.9e+00 2.35e+00  2e+00  4e+00 87:06.7
   18    450 3.819005242635676e-03 4.4e+00 2.96e+00  2e+00  5e+00 91:29.9
   19    475 2.615495831495063e-02 4.5e+00 3.04e+00  2e+00  5e+00 96:02.4
   20    500 1.639625757162140e-01 4.8e+00 2.46e+00  1e+00  4e+00 100:22.1
   21    525 8.576079570440842e-02 4.6e+00 2.26e+00  1e+00  4e+00 104:51.3
   22    550 9.112694316104064e-02 4.6e+00 2.19e+00  1e+00  3e+00 109:08.6
   23    575 7.628582093695546e-02 4.3e+00 2.33e+00  1e+00  4e+00 113:26.9
   24    600 1.451683259551740e-01 4.6e+00 2.19e+00  1e+00  3e+00 118:15.3
   25    625 3.550164828857216e-02 4.7e+00 1.84e+00  9e-01  3e+00 123:13.9
   26    650 1.817317741299814e-01 4.8e+00 1.77e+00  9e-01  3e+00 127:52.3
   27    675 1.466986640941058e-01 5.0e+00 1.55e+00  7e-01  2e+00 132:30.2
   28    700 3.299028951414373e-02 4.8e+00 1.41e+00  6e-01  2e+00 137:07.6
   29    725 1.360285438310405e-01 4.5e+00 1.31e+00  6e-01  2e+00 142:02.1
   30    750 2.600074507571415e-02 4.7e+00 1.25e+00  6e-01  2e+00 146:51.1
   31    775 8.047439043796301e-02 4.4e+00 1.17e+00  5e-01  1e+00 151:45.6
   32    800 2.586628787705147e-02 4.2e+00 1.05e+00  4e-01  1e+00 156:23.4
   33    825 7.139201582544663e-03 3.7e+00 8.48e-01  3e-01  9e-01 161:11.3
   34    850 1.009742973851657e-02 3.7e+00 8.17e-01  3e-01  9e-01 165:06.2
   35    875 2.907950699507877e-02 3.7e+00 8.15e-01  3e-01  8e-01 169:45.0
   36    900 9.176167033183691e-02 3.4e+00 7.61e-01  3e-01  9e-01 175:37.4
   37    925 4.483220935118837e-02 4.3e+00 8.98e-01  3e-01  1e+00 180:05.6
   38    950 6.228559845253079e-02 5.7e+00 9.02e-01  3e-01  1e+00 184:23.8
   39    975 1.576517040916392e-02 6.5e+00 9.11e-01  3e-01  1e+00 188:42.3
   40   1000 2.746222531904152e-03 6.5e+00 8.89e-01  3e-01  1e+00 193:00.3
   41   1025 6.464190728282937e-02 6.5e+00 8.76e-01  3e-01  1e+00 197:18.3
   42   1050 8.363028602249056e-02 7.4e+00 1.01e+00  3e-01  1e+00 201:37.5
   43   1075 4.321968390066444e-02 7.0e+00 9.57e-01  2e-01  1e+00 205:55.0
   44   1100 7.770622283198314e-02 7.4e+00 8.98e-01  2e-01  1e+00 210:13.1
   45   1125 6.038841699649744e-03 7.3e+00 9.12e-01  2e-01  1e+00 214:46.9
   46   1150 1.167919958049990e-02 7.4e+00 9.88e-01  3e-01  1e+00 219:05.1
   47   1175 9.172859004986478e-02 6.7e+00 9.50e-01  2e-01  1e+00 223:33.8
   48   1200 6.982455111808816e-02 8.3e+00 9.94e-01  2e-01  1e+00 227:51.6
   49   1225 3.210482175836749e-03 8.5e+00 1.14e+00  3e-01  2e+00 232:09.8
   50   1250 2.782264901524889e-03 8.6e+00 1.22e+00  3e-01  2e+00 236:29.8
   51   1275 1.136936090898411e-01 1.1e+01 9.98e-01  3e-01  1e+00 240:48.6
   52   1300 1.453009644232228e-04 9.9e+00 7.99e-01  2e-01  1e+00 245:06.8
(4_w,8)-aCMA-ES (mu_w=2.6,w_1=52%) in dimension 4 (seed=562286, Sat Jul 17 03:39:14 2021)
Iterat #Fevals   function value  axis ratio  sigma  min&max std  t[m:s]
    1     25 5.034350012829769e-02 1.0e+00 1.41e+00  1e+00  1e+00 4:19.1
    2     50 1.142298385601024e-01 1.2e+00 1.52e+00  1e+00  2e+00 8:36.6
    3     75 5.472538116127645e-02 1.5e+00 1.44e+00  1e+00  2e+00 12:55.3
    4    100 5.678152042797202e-03 1.4e+00 1.54e+00  1e+00  2e+00 17:25.7
    5    125 8.530004230704602e-03 1.9e+00 1.43e+00  1e+00  2e+00 21:43.2
    6    150 1.002992692296248e-01 1.9e+00 1.23e+00  9e-01  1e+00 26:18.1
    7    175 9.971177703769651e-02 1.9e+00 1.10e+00  8e-01  1e+00 30:35.4
    8    200 4.605382444704498e-02 1.6e+00 9.38e-01  6e-01  1e+00 34:53.3
    9    225 1.313265314225718e-01 1.8e+00 7.81e-01  5e-01  8e-01 39:11.4
   10    250 2.227572863443106e-02 2.1e+00 8.26e-01  5e-01  8e-01 43:29.2
   11    275 2.107211365723671e-03 2.3e+00 8.36e-01  5e-01  8e-01 47:47.2
   12    300 5.139514650632004e-03 2.4e+00 8.62e-01  5e-01  8e-01 52:04.8
   13    325 1.538564667592794e-01 2.4e+00 7.48e-01  4e-01  7e-01 56:22.7
   14    350 3.768866189594267e-02 2.4e+00 7.16e-01  4e-01  6e-01 60:40.7
   15    375 3.276718528771050e-02 2.1e+00 6.63e-01  3e-01  6e-01 64:59.1
   16    400 2.102703019106422e-03 2.0e+00 7.85e-01  4e-01  7e-01 69:17.3
   17    425 7.892910202301429e-03 2.2e+00 6.48e-01  3e-01  6e-01 73:34.2
   18    450 3.615689674764133e-02 2.0e+00 5.54e-01  3e-01  5e-01 78:02.9
   19    475 4.520533840791208e-02 2.0e+00 6.67e-01  4e-01  5e-01 82:20.7
   20    500 1.331763665797492e-02 2.0e+00 6.82e-01  3e-01  6e-01 86:55.1
   21    525 1.216859624120459e-02 2.4e+00 6.48e-01  3e-01  6e-01 91:28.6
   22    550 5.692831004390075e-02 2.3e+00 6.72e-01  3e-01  6e-01 95:46.7
   23    575 2.422020110660972e-02 2.4e+00 7.96e-01  4e-01  7e-01 100:04.5
   24    600 3.966886596960661e-02 2.3e+00 8.75e-01  4e-01  8e-01 104:33.3
   25    625 3.367186186558868e-02 2.4e+00 8.68e-01  4e-01  9e-01 110:08.3
   26    650 3.151414003141695e-02 2.4e+00 8.76e-01  4e-01  9e-01 115:25.7
   27    675 2.665783929391585e-02 2.6e+00 1.04e+00  5e-01  1e+00 120:58.5
   28    700 2.343844989533150e-02 2.9e+00 1.14e+00  6e-01  1e+00 126:05.0
   29    725 4.940784894276273e-02 3.0e+00 1.36e+00  7e-01  2e+00 130:22.9
   30    750 1.636063746369177e-01 3.6e+00 1.52e+00  9e-01  2e+00 134:41.5
   31    775 6.566837298763284e-03 4.3e+00 1.41e+00  8e-01  2e+00 138:58.7
   32    800 4.788030843221702e-02 4.5e+00 1.50e+00  8e-01  2e+00 143:16.9
   33    825 1.391031857189318e-01 4.5e+00 1.55e+00  8e-01  2e+00 147:51.1
   34    850 1.330914343322998e-02 4.4e+00 1.50e+00  8e-01  1e+00 152:08.8
   35    875 1.058980828676154e-01 3.8e+00 1.39e+00  7e-01  1e+00 156:38.6
   36    900 3.215998822772892e-02 3.8e+00 1.27e+00  7e-01  1e+00 160:55.6
   37    925 2.153998014657377e-02 4.4e+00 1.07e+00  6e-01  9e-01 165:14.1
   38    950 1.621780853226196e-02 4.6e+00 8.99e-01  5e-01  7e-01 169:32.1
   39    975 5.380051875797665e-02 4.6e+00 9.28e-01  5e-01  9e-01 173:51.1
   40   1000 5.691534715500679e-02 5.9e+00 8.00e-01  4e-01  7e-01 178:24.6
   41   1025 2.207386131187961e-02 5.6e+00 9.25e-01  5e-01  7e-01 182:42.5
   42   1050 4.052398374508148e-02 4.8e+00 1.14e+00  6e-01  1e+00 187:00.7
   43   1075 2.097966978700716e-02 6.1e+00 1.10e+00  6e-01  1e+00 191:19.0
   44   1100 2.551559936333114e-02 7.2e+00 1.01e+00  6e-01  9e-01 195:53.3
   45   1125 1.651259462877341e-02 6.6e+00 9.44e-01  5e-01  8e-01 200:11.7
   46   1150 1.853960704655222e-02 6.9e+00 7.97e-01  4e-01  6e-01 204:45.3
   47   1175 4.156059915785226e-02 6.5e+00 6.40e-01  3e-01  5e-01 209:04.9
   48   1200 8.687744156182053e-02 6.3e+00 5.04e-01  2e-01  3e-01 213:23.6
   49   1225 1.411457454623144e-02 6.4e+00 4.60e-01  2e-01  3e-01 217:51.9
   50   1250 2.121687105041736e-02 6.4e+00 4.29e-01  2e-01  3e-01 222:10.2
   51   1275 1.252837180879318e-02 6.5e+00 3.92e-01  2e-01  3e-01 226:28.4
   52   1300 6.491514368543283e-02 6.0e+00 3.65e-01  1e-01  2e-01 230:46.8
   53   1325 2.433768906270561e-03 5.6e+00 4.58e-01  2e-01  3e-01 235:05.0
   54   1350 2.520353530765318e-02 6.1e+00 4.55e-01  2e-01  3e-01 239:24.0
   55   1375 2.543107708563874e-02 5.7e+00 4.89e-01  2e-01  3e-01 243:42.4
   56   1400 6.272282315990196e-02 5.5e+00 5.62e-01  2e-01  4e-01 248:00.8
   57   1425 2.252827840839577e-03 6.4e+00 6.65e-01  2e-01  5e-01 252:19.1
   58   1450 7.463120531592260e-03 6.7e+00 5.49e-01  2e-01  4e-01 256:48.4
   59   1475 6.055075294636447e-03 6.0e+00 5.44e-01  2e-01  4e-01 261:06.6
   60   1500 4.935636010719380e-02 6.0e+00 4.81e-01  2e-01  3e-01 265:40.2
   61   1525 2.725482184876016e-02 6.1e+00 3.88e-01  1e-01  2e-01 269:59.4
   62   1550 3.048053483583191e-02 7.3e+00 3.35e-01  9e-02  2e-01 274:18.8
   63   1575 9.345440062522248e-03 7.1e+00 3.11e-01  9e-02  2e-01 278:37.0
   64   1600 2.022128034397630e-02 7.4e+00 2.68e-01  7e-02  2e-01 282:54.2
   65   1625 1.774294461584636e-02 7.5e+00 2.36e-01  6e-02  1e-01 287:12.3
   66   1650 3.102534672594026e-03 8.4e+00 2.07e-01  5e-02  1e-01 291:30.2
   67   1675 5.174750657509741e-02 8.6e+00 2.14e-01  6e-02  1e-01 295:48.0
   68   1700 7.809755391522732e-03 8.9e+00 2.10e-01  6e-02  1e-01 300:06.3
   69   1725 2.469577747120022e-02 8.7e+00 1.81e-01  5e-02  1e-01 304:24.3
   70   1750 4.287604723116600e-02 1.0e+01 1.99e-01  6e-02  1e-01 308:42.7
   71   1775 3.707984858045021e-03 1.1e+01 1.99e-01  6e-02  1e-01 313:00.6
   72   1800 1.865611597161221e-02 1.1e+01 2.29e-01  7e-02  1e-01 317:33.0
   73   1825 8.303661639406990e-03 9.1e+00 2.26e-01  6e-02  1e-01 321:52.4
   74   1850 1.627956237302386e-02 1.0e+01 1.91e-01  5e-02  1e-01 326:24.6
   75   1875 3.198908679385548e-03 9.5e+00 1.88e-01  5e-02  1e-01 330:42.8
   76   1900 4.720365159276929e-02 9.6e+00 1.72e-01  4e-02  1e-01 335:00.4
   77   1925 5.862602433994724e-04 9.3e+00 1.81e-01  4e-02  1e-01 339:18.0
(4_w,8)-aCMA-ES (mu_w=2.6,w_1=52%) in dimension 4 (seed=640816, Sat Jul 17 09:19:13 2021)
Iterat #Fevals   function value  axis ratio  sigma  min&max std  t[m:s]
    1     25 8.172499589368165e-03 1.0e+00 1.30e+00  1e+00  1e+00 4:18.6
    2     50 5.559705677021576e-03 1.2e+00 1.30e+00  1e+00  1e+00 9:07.9
    3     75 2.433195414962064e-02 1.3e+00 1.31e+00  1e+00  1e+00 13:29.8
    4    100 9.612203464599656e-02 1.6e+00 1.21e+00  1e+00  1e+00 17:48.1
    5    125 4.489481867845080e-02 1.8e+00 1.01e+00  7e-01  1e+00 22:06.1
    6    150 1.137416569177996e-02 1.8e+00 1.07e+00  7e-01  1e+00 26:25.8
    7    175 1.472578947985692e-03 2.3e+00 1.20e+00  8e-01  1e+00 30:43.9
    8    200 4.734752686392474e-02 2.9e+00 1.25e+00  8e-01  1e+00 35:02.8
    9    225 3.322064756625442e-03 2.9e+00 1.21e+00  8e-01  1e+00 39:20.7
   10    250 6.369695235551820e-02 3.3e+00 1.11e+00  7e-01  1e+00 43:38.7
   11    275 4.757574465721048e-02 3.6e+00 1.30e+00  9e-01  2e+00 48:11.4
   12    300 1.961075909026633e-02 4.0e+00 1.43e+00  9e-01  2e+00 52:29.4
   13    325 3.179165570300180e-03 4.4e+00 1.34e+00  8e-01  2e+00 56:56.3
   14    350 4.965384750154322e-02 5.0e+00 1.32e+00  8e-01  2e+00 61:14.2
   15    375 2.986489945933080e-02 5.8e+00 1.48e+00  1e+00  2e+00 65:32.4
   16    400 4.694284325363007e-03 5.3e+00 1.51e+00  1e+00  2e+00 69:51.4
   17    425 5.696900477540345e-03 5.7e+00 1.71e+00  1e+00  2e+00 74:08.2
   18    450 1.978819381288932e-02 6.2e+00 1.60e+00  1e+00  2e+00 78:26.2
   19    475 1.714729719270447e-03 6.2e+00 1.67e+00  1e+00  2e+00 82:44.4
   20    500 3.151293942031597e-02 5.9e+00 1.60e+00  1e+00  2e+00 87:02.1
   21    525 6.094639054483508e-02 6.1e+00 1.76e+00  1e+00  2e+00 91:20.3
   22    550 3.465281024788547e-02 6.0e+00 1.53e+00  9e-01  2e+00 96:06.5
   23    575 5.075209962180938e-02 6.9e+00 1.39e+00  7e-01  1e+00 100:24.6
   24    600 1.409440465413858e-02 7.4e+00 1.39e+00  6e-01  1e+00 104:43.3
   25    625 9.339296824862608e-02 7.2e+00 1.34e+00  6e-01  1e+00 109:01.9
   26    650 2.320208406313196e-03 7.6e+00 1.23e+00  6e-01  1e+00 113:19.4
   27    675 6.094989809171958e-02 9.3e+00 1.27e+00  5e-01  1e+00 117:48.8
   28    700 9.047128076495214e-03 1.0e+01 1.60e+00  6e-01  2e+00 122:21.2
   29    725 4.602772706466562e-02 8.1e+00 1.65e+00  7e-01  2e+00 126:39.1
   30    750 2.106717710544936e-03 7.5e+00 1.52e+00  6e-01  2e+00 130:56.9
   31    775 2.279671233596847e-03 7.3e+00 1.36e+00  5e-01  1e+00 135:34.7
   32    800 7.412013333878531e-03 5.7e+00 1.17e+00  4e-01  1e+00 140:13.3
   33    825 5.273275748480799e-04 6.3e+00 9.91e-01  4e-01  8e-01 144:52.2
(4_w,8)-aCMA-ES (mu_w=2.6,w_1=52%) in dimension 4 (seed=713606, Sat Jul 17 11:44:41 2021)
Iterat #Fevals   function value  axis ratio  sigma  min&max std  t[m:s]
    1     25 7.095758242905637e-02 1.0e+00 1.55e+00  1e+00  2e+00 4:38.1
    2     50 5.504048241766646e-02 1.3e+00 1.59e+00  1e+00  2e+00 9:42.2
    3     75 1.248960919490263e-01 1.5e+00 1.62e+00  1e+00  2e+00 14:28.3
    4    100 4.456016694442178e-02 1.6e+00 1.72e+00  1e+00  2e+00 18:54.0
    5    125 5.433199107516973e-02 1.9e+00 1.78e+00  1e+00  2e+00 23:38.1
    6    150 7.148783025402361e-02 1.9e+00 1.46e+00  1e+00  2e+00 28:13.4
    7    175 6.269556571887291e-02 1.9e+00 1.52e+00  1e+00  2e+00 32:51.5
    8    200 6.683269579665474e-02 2.2e+00 1.40e+00  1e+00  1e+00 37:10.8
    9    225 1.081885888581875e-01 2.1e+00 1.31e+00  9e-01  1e+00 41:43.9
   10    250 1.540068638582026e-02 2.1e+00 1.03e+00  7e-01  9e-01 46:01.8
   11    275 5.674824636647746e-02 2.0e+00 1.12e+00  8e-01  1e+00 50:19.4
   12    300 1.443786210717057e-02 2.2e+00 9.79e-01  7e-01  9e-01 54:37.5
   13    325 2.112605296164990e-01 2.4e+00 8.89e-01  6e-01  8e-01 58:56.7
   14    350 7.127992896529167e-02 2.2e+00 9.32e-01  6e-01  8e-01 63:14.7
   15    375 6.748232398175380e-02 2.1e+00 8.47e-01  5e-01  7e-01 67:32.8
   16    400 2.583739958806264e-02 2.0e+00 7.38e-01  4e-01  6e-01 72:02.8
   17    425 2.391712866125462e-02 2.1e+00 8.34e-01  5e-01  7e-01 75:53.4
   18    450 2.701119360807736e-02 2.1e+00 8.73e-01  5e-01  7e-01 80:10.9
   19    475 1.656781712578348e-02 2.0e+00 8.71e-01  5e-01  7e-01 84:28.8

twirling after folding !!!!!!!!!!!!!!!!!!!!!!!!!!!