(4_w,8)-aCMA-ES (mu_w=2.6,w_1=52%) in dimension 4 (seed=165840, Sun Jul 11 14:11:49 2021)
Iterat #Fevals   function value  axis ratio  sigma  min&max std  t[m:s]
    1     25 4.224144708233334e-01 1.0e+00 1.68e+00  1e+00  2e+00 18:03.7
    2     50 1.079098858213721e-01 1.6e+00 1.82e+00  1e+00  2e+00 39:45.1
    3     75 2.378545998503384e-01 1.6e+00 1.77e+00  1e+00  2e+00 54:35.3
25 25
    4    100 2.705711962922528e-01 1.7e+00 1.70e+00  1e+00  2e+00 62:43.5
25 25
    5    125 2.237448916747395e-01 1.8e+00 1.59e+00  1e+00  2e+00 70:48.1
25 25
    6    150 1.471012168035223e-01 2.0e+00 1.70e+00  1e+00  2e+00 79:33.6
25 25
    7    175 6.519926698160594e-03 2.1e+00 1.45e+00  1e+00  2e+00 87:00.4
25 25
    8    200 1.184796949781776e-01 2.2e+00 1.28e+00  1e+00  2e+00 94:25.2
25 25
    9    225 3.053689721159466e-01 2.7e+00 1.17e+00  8e-01  1e+00 101:53.6
25 25
   10    250 1.359232243815859e-01 2.8e+00 1.02e+00  7e-01  1e+00 109:07.5
25 25
   11    275 1.904867707430846e-02 2.7e+00 1.11e+00  9e-01  9e-01 116:47.1
25 25
   12    300 3.365702333741272e-02 2.3e+00 9.95e-01  7e-01  8e-01 124:25.5
25 25
   13    325 8.442793503326440e-03 2.5e+00 9.12e-01  6e-01  7e-01 132:10.7
25 25
   14    350 3.197863746307250e-02 2.8e+00 7.59e-01  4e-01  6e-01 139:11.3
25 25
   15    375 6.579412354242054e-02 2.8e+00 6.76e-01  4e-01  5e-01 146:27.2
25 25
   16    400 6.276476938696929e-04 2.5e+00 6.56e-01  3e-01  5e-01 153:57.1
(4_w,8)-aCMA-ES (mu_w=2.6,w_1=52%) in dimension 4 (seed=219868, Sun Jul 11 16:50:07 2021)
Iterat #Fevals   function value  axis ratio  sigma  min&max std  t[m:s]
    1     25 1.870681325656381e-01 1.0e+00 1.57e+00  1e+00  2e+00 7:45.8
    2     50 1.440080057671135e-01 1.4e+00 1.35e+00  1e+00  1e+00 15:15.3
    3     75 2.224593962066040e-01 1.5e+00 1.61e+00  1e+00  2e+00 23:18.6
    4    100 1.057805229246784e-01 1.8e+00 1.55e+00  1e+00  2e+00 31:43.1
    5    125 1.197748651462436e-01 1.7e+00 1.46e+00  1e+00  2e+00 39:39.7
    6    150 1.525140315068525e-01 1.8e+00 1.44e+00  1e+00  1e+00 48:41.8
    7    175 1.285207448052891e-01 1.6e+00 1.18e+00  9e-01  1e+00 57:33.2
    8    200 6.860926665210376e-02 1.7e+00 9.68e-01  6e-01  9e-01 65:14.9
termination on ftarget=0.005
final/bestever f-value = 6.276477e-04 6.276477e-04
incumbent solution: [-0.0691365667348805, 4.870086329115281, 7.9032848979200505, 3.3506098297860536]
std deviation: [0.438711490449443, 0.470689598989835, 0.32943020483560725, 0.45800258668800525]
CMAEvolutionStrategyResult(xbest=array([-0.28001025,  5.08960044,  7.74981194,  3.10522241]), fbest=0.0006276476938696929, evals_best=385, evaluations=400, iterations=16, xfavorite=array([-0.06913657,  4.87008633,  7.9032849 ,  3.35060983]), stds=array([0.43871149, 0.4706896 , 0.3294302 , 0.45800259]), stop={'ftarget': 0.005})
(4_w,8)-aCMA-ES (mu_w=2.6,w_1=52%) in dimension 4 (seed=152464, Sun Jul 11 18:00:04 2021)
Iterat #Fevals   function value  axis ratio  sigma  min&max std  t[m:s]
    1     25 1.541495559088885e-01 1.0e+00 2.02e+00  2e+00  2e+00 10:11.9
    2     50 2.791408241276410e-01 1.4e+00 2.84e+00  3e+00  3e+00 18:07.2
    3     75 4.645030822614374e-01 1.5e+00 3.01e+00  3e+00  3e+00 26:04.7
    4    100 1.410518106717991e-01 1.7e+00 3.06e+00  3e+00  3e+00 34:04.0
    5    125 1.649347157458712e-01 1.6e+00 2.57e+00  2e+00  3e+00 41:42.8
    6    150 1.538224060292640e-01 1.6e+00 2.55e+00  2e+00  3e+00 49:07.1
    7    175 1.441551128461271e-01 1.6e+00 2.61e+00  2e+00  3e+00 57:06.6
    8    200 2.376746080283508e-01 1.8e+00 2.03e+00  1e+00  2e+00 64:25.4
    9    225 4.326396859848741e-01 1.9e+00 1.62e+00  1e+00  2e+00 72:39.2
   10    250 2.277163600133444e-01 1.8e+00 1.54e+00  1e+00  2e+00 80:30.1
   11    275 1.410789487837983e-01 2.0e+00 1.47e+00  9e-01  2e+00 88:14.5
   12    300 1.627607290784613e-01 2.3e+00 1.25e+00  8e-01  1e+00 99:02.5
   13    325 1.679337183096351e-01 2.4e+00 9.96e-01  6e-01  8e-01 106:37.2
   14    350 1.552107164092510e-01 2.2e+00 9.19e-01  5e-01  7e-01 114:31.4
   15    375 1.454470947567418e-01 2.4e+00 9.92e-01  5e-01  8e-01 121:44.6
   16    400 8.367342085861340e-02 2.4e+00 1.01e+00  6e-01  7e-01 128:58.4
   17    425 5.703875982005724e-03 2.5e+00 1.20e+00  7e-01  8e-01 137:00.8
   18    450 9.258459544281739e-02 2.3e+00 1.09e+00  6e-01  8e-01 147:37.0
   19    475 1.446872425114775e-01 2.6e+00 9.59e-01  5e-01  7e-01 155:29.0
   20    500 1.632852055911570e-01 2.7e+00 9.09e-01  5e-01  6e-01 162:54.5
   21    525 1.778553321808851e-01 2.7e+00 7.28e-01  4e-01  5e-01 170:31.1
(4_w,8)-aCMA-ES (mu_w=2.6,w_1=52%) in dimension 4 (seed=80166, Sun Jul 11 21:01:46 2021)
Iterat #Fevals   function value  axis ratio  sigma  min&max std  t[m:s]
    1     25 3.819981361609878e-01 1.0e+00 1.71e+00  2e+00  2e+00 11:10.7
    2     50 1.900949631060926e-01 1.4e+00 1.74e+00  2e+00  2e+00 18:36.4
    3     75 3.407728392898511e-01 1.5e+00 1.95e+00  2e+00  2e+00 27:03.5
    4    100 2.083870790055283e-01 1.7e+00 1.68e+00  1e+00  2e+00 35:43.1
    5    125 2.687247168462475e-01 1.8e+00 1.34e+00  1e+00  1e+00 44:31.4
    6    150 1.961514959767403e-01 1.9e+00 1.19e+00  1e+00  1e+00 52:05.7
    7    175 1.349830800764175e-01 2.1e+00 1.04e+00  8e-01  1e+00 59:42.1
    8    200 1.561852782372084e-01 2.1e+00 1.00e+00  8e-01  1e+00 67:14.0
    9    225 2.239982114361529e-01 2.4e+00 8.70e-01  7e-01  9e-01 74:42.2
   10    250 2.175041505792611e-01 2.5e+00 8.99e-01  7e-01  8e-01 82:46.1
   11    275 2.065785817642940e-02 2.7e+00 7.77e-01  5e-01  7e-01 90:01.3
   12    300 6.081053805288850e-02 2.9e+00 6.88e-01  4e-01  6e-01 99:01.1
   13    325 3.802927092888875e-03 2.6e+00 7.13e-01  4e-01  6e-01 106:40.9
(4_w,8)-aCMA-ES (mu_w=2.6,w_1=52%) in dimension 4 (seed=143979, Sun Jul 11 22:48:35 2021)
Iterat #Fevals   function value  axis ratio  sigma  min&max std  t[m:s]
    1     25 2.509850517795441e-01 1.0e+00 1.54e+00  1e+00  2e+00 7:25.8
    2     50 2.571206047429483e-01 1.4e+00 1.44e+00  1e+00  2e+00 16:30.9
    3     75 3.093063483084003e-01 1.3e+00 1.28e+00  1e+00  1e+00 26:34.4
    4    100 2.485156679342980e-01 1.4e+00 1.21e+00  1e+00  1e+00 35:02.8
    5    125 3.191143646153271e-01 1.6e+00 1.19e+00  1e+00  1e+00 46:20.1
    6    150 2.730012009882610e-01 1.7e+00 1.39e+00  1e+00  1e+00 55:31.2
    7    175 2.610085617556185e-01 1.7e+00 1.63e+00  1e+00  2e+00 70:51.4
    8    200 2.394735541238725e-01 2.0e+00 1.64e+00  1e+00  2e+00 82:45.6
    9    225 1.468331342178829e-01 2.4e+00 1.52e+00  1e+00  2e+00 91:52.7
termination on ftarget=0.005
final/bestever f-value = 3.802927e-03 3.802927e-03
incumbent solution: [2.117068603099517, 5.331265506566234, -0.7894543670745265, 3.9601531649751323]
std deviation: [0.5027295064377414, 0.5771918911663996, 0.6407265669685801, 0.4017041808454523]
CMAEvolutionStrategyResult(xbest=array([ 2.39450176,  5.28260088, -0.82916727,  3.94808991]), fbest=0.0038029270928888748, evals_best=302, evaluations=325, iterations=13, xfavorite=array([ 2.1170686 ,  5.33126551, -0.78945437,  3.96015316]), stds=array([0.50272951, 0.57719189, 0.64072657, 0.40170418]), stop={'ftarget': 0.005})
(4_w,8)-aCMA-ES (mu_w=2.6,w_1=52%) in dimension 4 (seed=92824, Mon Jul 12 00:26:40 2021)
Iterat #Fevals   function value  axis ratio  sigma  min&max std  t[m:s]
    1     25 6.120000602687359e-02 1.0e+00 1.43e+00  1e+00  1e+00 6:24.8
    2     50 1.286618923268603e-01 1.3e+00 1.48e+00  1e+00  2e+00 13:15.6
    3     75 1.955751660448235e-01 1.7e+00 1.41e+00  1e+00  2e+00 21:47.5
    4    100 1.562581427275617e-01 1.8e+00 1.27e+00  9e-01  1e+00 30:15.6
    5    125 5.367510214439852e-02 2.1e+00 1.32e+00  9e-01  1e+00 38:07.5
(4_w,8)-aCMA-ES (mu_w=2.6,w_1=52%) in dimension 4 (seed=157774, Mon Jul 12 10:16:13 2021)
Iterat #Fevals   function value  axis ratio  sigma  min&max std  t[m:s]
    1     25 3.049303633027501e-01 1.0e+00 1.51e+00  1e+00  2e+00 6:46.5
    2     50 2.935735579850762e-01 1.2e+00 1.42e+00  1e+00  1e+00 15:04.1
    3     75 2.283957023159948e-01 1.5e+00 1.37e+00  1e+00  1e+00 23:57.2
    4    100 1.116088400739589e-01 1.7e+00 1.63e+00  1e+00  2e+00 34:12.3
    5    125 4.911753234816774e-02 1.7e+00 1.56e+00  1e+00  2e+00 43:51.2
    6    150 7.436952664340302e-04 1.8e+00 1.45e+00  1e+00  2e+00 54:39.6
(4_w,8)-aCMA-ES (mu_w=2.6,w_1=52%) in dimension 4 (seed=240979, Mon Jul 12 11:17:57 2021)
Iterat #Fevals   function value  axis ratio  sigma  min&max std  t[m:s]
    1     25 3.160473084830665e-01 1.0e+00 1.40e+00  1e+00  1e+00 11:29.8
    2     50 7.617445494289421e-02 1.2e+00 1.48e+00  1e+00  2e+00 21:24.3
    3     75 1.894321059128073e-01 1.5e+00 1.66e+00  1e+00  2e+00 32:52.9
    4    100 1.919612164800500e-01 1.9e+00 2.03e+00  1e+00  3e+00 42:04.2
    5    125 1.664444476167309e-01 2.3e+00 1.92e+00  1e+00  2e+00 53:47.1
    6    150 2.193369984780110e-01 2.3e+00 2.02e+00  1e+00  3e+00 63:53.7
    7    175 4.181833232347232e-02 2.5e+00 2.13e+00  1e+00  3e+00 75:25.1
    8    200 1.101217027816779e-01 3.1e+00 1.92e+00  1e+00  3e+00 84:18.5
    9    225 1.834800388861235e-01 3.3e+00 1.77e+00  1e+00  3e+00 91:40.3
   10    250 1.593044737732561e-01 3.4e+00 2.10e+00  1e+00  4e+00 98:56.7
   11    275 1.132837705061454e-01 4.0e+00 2.13e+00  1e+00  4e+00 106:26.6
   12    300 1.867517017789666e-01 4.0e+00 1.71e+00  1e+00  3e+00 113:30.4
   13    325 1.933794877374815e-01 4.0e+00 1.59e+00  9e-01  3e+00 120:33.2
   14    350 1.569375299981878e-01 3.8e+00 1.83e+00  1e+00  3e+00 127:38.9
   15    375 1.064953646800842e-01 3.3e+00 2.14e+00  1e+00  3e+00 134:47.6
   16    400 1.504331319305363e-01 3.0e+00 2.02e+00  1e+00  3e+00 142:03.9
(4_w,8)-aCMA-ES (mu_w=2.6,w_1=52%) in dimension 4 (seed=238276, Tue Jul 13 12:11:25 2021)
Iterat #Fevals   function value  axis ratio  sigma  min&max std  t[m:s]
    1     25 2.644878372232262e-02 1.0e+00 1.66e+00  2e+00  2e+00 9:19.5
    2     50 1.135505684207290e-01 1.5e+00 1.75e+00  2e+00  2e+00 16:58.5
    3     75 1.640519693150044e-02 1.7e+00 1.50e+00  1e+00  2e+00 27:04.0
    4    100 3.700907492345995e-02 1.6e+00 1.33e+00  1e+00  1e+00 33:01.1
    5    125 8.479188710749597e-03 1.9e+00 1.15e+00  9e-01  1e+00 39:21.1
    6    150 1.293491627952437e-02 2.2e+00 1.12e+00  9e-01  1e+00 45:54.5
    7    175 6.535570734809371e-03 2.2e+00 1.10e+00  9e-01  1e+00 52:19.3
    8    200 3.509453600754853e-02 2.4e+00 1.30e+00  1e+00  1e+00 58:39.1
    9    225 5.961959459471655e-02 2.7e+00 1.29e+00  9e-01  1e+00 65:12.8
   10    250 1.343310767907056e-01 2.5e+00 1.17e+00  9e-01  1e+00 72:44.5
   11    275 2.257982933960390e-02 2.3e+00 1.19e+00  9e-01  1e+00 79:18.2
   12    300 3.087095166286724e-02 2.5e+00 1.27e+00  9e-01  1e+00 85:45.0
   13    325 6.286783631430570e-02 2.5e+00 1.36e+00  9e-01  1e+00 92:10.9
   14    350 4.457753621582305e-02 2.8e+00 1.43e+00  9e-01  1e+00 98:37.4
   15    375 9.129727684336986e-02 3.1e+00 1.25e+00  7e-01  1e+00 104:34.8
   16    400 6.709861303995868e-03 3.2e+00 1.26e+00  7e-01  1e+00 110:31.8
   17    425 5.490994902405344e-03 3.4e+00 1.08e+00  6e-01  9e-01 116:28.8
   18    450 1.716579381949690e-03 3.6e+00 1.07e+00  5e-01  1e+00 122:46.4
termination on ftarget=0.005
final/bestever f-value = 1.716579e-03 1.716579e-03
incumbent solution: [3.1737692549605363, -1.7448685317934896, 6.737518773627733, -2.539386099024254]
std deviation: [0.9387197329037794, 0.9082327401200295, 0.971746056121039, 0.5315336634576466]
CMAEvolutionStrategyResult(xbest=array([ 2.599946  , -2.16259909,  7.21320411, -2.71334504]), fbest=0.00171657938194969, evals_best=436, evaluations=450, iterations=18, xfavorite=array([ 3.17376925, -1.74486853,  6.73751877, -2.5393861 ]), stds=array([0.93871973, 0.90823274, 0.97174606, 0.53153366]), stop={'ftarget': 0.005})
-------------------------------------------------------------------------------------------------
(4_w,8)-aCMA-ES (mu_w=2.6,w_1=52%) in dimension 4 (seed=490621, Thu Jul 15 13:32:40 2021)
Iterat #Fevals   function value  axis ratio  sigma  min&max std  t[m:s]
    1     25 1.580374933261224e-01 1.0e+00 1.39e+00  1e+00  1e+00 2:16.6
    2     50 2.325243085831765e-01 1.3e+00 1.23e+00  1e+00  1e+00 4:31.6
    3     75 1.853355663701742e-01 1.5e+00 1.29e+00  1e+00  2e+00 6:33.8
    4    100 1.392972463849542e-01 2.0e+00 1.19e+00  9e-01  1e+00 8:33.0
    5    125 1.837381390632182e-01 1.9e+00 9.52e-01  6e-01  1e+00 10:35.4
    6    150 1.602446566237026e-01 2.0e+00 9.30e-01  6e-01  1e+00 12:34.8
    7    175 1.314844036788464e-01 2.2e+00 8.29e-01  5e-01  9e-01 14:30.7
    8    200 1.643430024345552e-01 2.2e+00 6.96e-01  4e-01  7e-01 16:31.7
    9    225 1.301677288730964e-01 2.3e+00 6.71e-01  4e-01  7e-01 18:45.0
   10    250 1.135803655714596e-01 2.8e+00 6.18e-01  3e-01  6e-01 20:45.7
   11    275 1.196448628234642e-01 3.0e+00 5.92e-01  3e-01  6e-01 22:44.1
   12    300 1.058603682514976e-01 3.3e+00 4.90e-01  2e-01  5e-01 24:42.7
   13    325 1.043911732732498e-01 3.4e+00 4.57e-01  2e-01  5e-01 26:49.2
   14    350 1.116080649378071e-01 3.8e+00 4.41e-01  2e-01  5e-01 28:51.3
   15    375 1.086409511283145e-01 3.6e+00 3.51e-01  1e-01  4e-01 30:50.3
   16    400 9.927645415259134e-02 4.0e+00 2.82e-01  1e-01  3e-01 32:50.4
   17    425 1.034790787647545e-01 4.2e+00 2.51e-01  9e-02  3e-01 35:09.5
   18    450 1.027291984049891e-01 4.5e+00 2.78e-01  1e-01  3e-01 37:08.6
   19    475 1.119023748405876e-01 5.2e+00 2.94e-01  1e-01  4e-01 39:05.5
   20    500 1.074370272737507e-01 5.8e+00 2.88e-01  1e-01  4e-01 41:06.1
   21    525 1.094209498287774e-01 7.2e+00 2.87e-01  9e-02  4e-01 43:00.2
   22    550 1.010931353391925e-01 7.5e+00 2.95e-01  1e-01  4e-01 45:09.3
   23    575 1.072351908166476e-01 7.2e+00 3.04e-01  1e-01  4e-01 47:13.1
   24    600 1.088956488498032e-01 7.1e+00 2.81e-01  9e-02  3e-01 49:23.9
   25    625 1.007903426873412e-01 6.2e+00 2.73e-01  8e-02  3e-01 51:32.0
   26    650 1.043424399624495e-01 6.6e+00 2.61e-01  8e-02  2e-01 53:42.1
   27    675 1.025962636022849e-01 5.8e+00 2.27e-01  6e-02  2e-01 55:54.1
   28    700 1.053211335979211e-01 5.9e+00 2.52e-01  7e-02  3e-01 58:15.7
   29    725 1.047077033754237e-01 7.1e+00 2.53e-01  7e-02  3e-01 60:21.3
   30    750 1.085142574815544e-01 7.0e+00 2.43e-01  6e-02  2e-01 62:29.6
   31    775 9.904779291669874e-02 7.4e+00 2.45e-01  6e-02  2e-01 64:33.8
   32    800 1.051684256939721e-01 7.7e+00 2.49e-01  6e-02  3e-01 66:34.7
   33    825 1.024015863505268e-01 9.2e+00 2.52e-01  6e-02  3e-01 68:38.9
   34    850 1.071462849238239e-01 9.2e+00 2.65e-01  6e-02  3e-01 70:47.3
   35    875 1.067391407460194e-01 9.3e+00 2.17e-01  4e-02  2e-01 72:59.2
   36    900 1.060215596205265e-01 9.5e+00 2.19e-01  4e-02  2e-01 75:09.3
   37    925 1.055251996427247e-01 9.6e+00 2.37e-01  5e-02  2e-01 77:15.1
   38    950 1.044584853138488e-01 1.1e+01 2.80e-01  6e-02  3e-01 79:24.9
   39    975 1.007875801694459e-01 1.2e+01 2.65e-01  5e-02  3e-01 81:29.3
   40   1000 1.032006186691138e-01 1.0e+01 2.73e-01  6e-02  2e-01 83:33.5
   41   1025 1.080982290579869e-01 9.2e+00 2.93e-01  6e-02  3e-01 85:37.6
   42   1050 1.086890114093902e-01 9.7e+00 2.96e-01  6e-02  2e-01 87:42.5
   43   1075 1.016640124512106e-01 8.9e+00 2.78e-01  6e-02  2e-01 89:57.7
   44   1100 1.032440702314502e-01 8.9e+00 3.74e-01  9e-02  3e-01 91:59.5
   45   1125 1.047554004450927e-01 9.3e+00 3.14e-01  7e-02  2e-01 94:03.4
   46   1150 1.049868098485353e-01 8.5e+00 2.81e-01  6e-02  2e-01 96:04.6
   47   1175 1.089203022689952e-01 7.9e+00 2.80e-01  6e-02  2e-01 98:07.9
   48   1200 1.007047100004890e-01 8.9e+00 2.64e-01  5e-02  2e-01 100:10.2
   49   1225 1.049385342973514e-01 8.3e+00 2.73e-01  5e-02  2e-01 102:13.4
   50   1250 1.019063453141004e-01 9.6e+00 2.84e-01  6e-02  2e-01 104:29.2
   51   1275 1.048999005800390e-01 9.1e+00 2.61e-01  5e-02  2e-01 106:33.8
   52   1300 1.026298220729842e-01 8.7e+00 2.57e-01  5e-02  2e-01 108:42.4
   53   1325 1.072107700105690e-01 7.8e+00 2.17e-01  4e-02  1e-01 110:47.3
   54   1350 9.550149543649467e-02 7.9e+00 2.11e-01  4e-02  1e-01 112:55.7
   55   1375 9.918626756966376e-02 7.4e+00 1.87e-01  3e-02  1e-01 114:57.8
   56   1400 1.007523334077108e-01 7.0e+00 1.82e-01  3e-02  1e-01 117:05.3
   57   1425 1.035880764448492e-01 6.8e+00 1.72e-01  3e-02  9e-02 119:14.2
   58   1450 1.057137893206166e-01 6.9e+00 1.93e-01  3e-02  1e-01 121:29.9
   59   1475 1.002732071634832e-01 8.0e+00 2.03e-01  4e-02  1e-01 123:43.4
   60   1500 1.037202540997103e-01 8.0e+00 1.92e-01  4e-02  1e-01 125:43.8
   61   1525 9.991258820097182e-02 8.2e+00 1.94e-01  4e-02  1e-01 127:48.1
   62   1550 1.033877633263999e-01 8.0e+00 1.74e-01  4e-02  9e-02 129:53.9
   63   1575 1.007660239342391e-01 8.2e+00 1.66e-01  3e-02  7e-02 131:57.5
   64   1600 9.776579347361414e-02 6.8e+00 1.35e-01  3e-02  6e-02 134:03.0
   65   1625 9.574750640715146e-02 7.1e+00 1.44e-01  3e-02  6e-02 136:13.0
   66   1650 1.013107947425763e-01 7.1e+00 1.18e-01  2e-02  4e-02 138:23.0
   67   1675 1.036295022767878e-01 6.6e+00 9.37e-02  2e-02  4e-02 140:24.5
   68   1700 9.963933816660520e-02 7.3e+00 8.53e-02  1e-02  3e-02 142:43.0
   69   1725 1.024409602401172e-01 7.0e+00 8.39e-02  1e-02  3e-02 144:45.4
   70   1750 9.979605643235079e-02 5.9e+00 9.28e-02  2e-02  3e-02 146:54.9
   71   1775 9.733264983901557e-02 6.1e+00 1.03e-01  2e-02  4e-02 148:59.2
   72   1800 1.004186922301901e-01 6.7e+00 9.63e-02  1e-02  4e-02 151:04.4
   73   1825 9.809512075644589e-02 6.9e+00 8.70e-02  1e-02  3e-02 153:09.2
   74   1850 1.012485247913012e-01 6.7e+00 7.89e-02  1e-02  3e-02 155:11.6
   75   1875 1.034739407419861e-01 7.2e+00 7.05e-02  1e-02  3e-02 157:14.5
   76   1900 9.985536655095828e-02 7.1e+00 6.96e-02  1e-02  3e-02 159:27.0
   77   1925 1.029989719556056e-01 6.9e+00 7.66e-02  1e-02  3e-02 161:30.3
   78   1950 9.983284178338703e-02 6.9e+00 7.55e-02  1e-02  3e-02 163:35.3
   79   1975 9.627846842782883e-02 7.2e+00 7.89e-02  1e-02  3e-02 165:42.4
   80   2000 1.018792230573436e-01 7.5e+00 9.47e-02  1e-02  4e-02 167:46.8
   81   2025 1.072659861185364e-01 7.9e+00 1.33e-01  2e-02  7e-02 169:52.4
   82   2050 9.933923724644778e-02 9.6e+00 1.54e-01  2e-02  7e-02 172:07.2
   83   2075 9.538097224041486e-02 9.7e+00 1.57e-01  2e-02  8e-02 174:17.1
   84   2100 1.012590106298120e-01 9.3e+00 1.60e-01  2e-02  8e-02 176:19.1
   85   2125 9.614284680298646e-02 1.0e+01 1.63e-01  2e-02  9e-02 178:22.0
   86   2150 1.085377098437439e-01 1.3e+01 1.64e-01  2e-02  9e-02 180:26.9
   87   2175 1.020152723126558e-01 1.4e+01 1.38e-01  2e-02  7e-02 182:36.7
   88   2200 9.946647717297863e-02 1.4e+01 1.29e-01  2e-02  7e-02 184:39.7
   89   2225 1.020643188410637e-01 1.6e+01 1.70e-01  2e-02  1e-01 186:56.8
   90   2250 1.009827638604240e-01 1.7e+01 1.66e-01  2e-02  1e-01 189:00.9
   91   2275 1.006077630073978e-01 1.8e+01 1.41e-01  2e-02  8e-02 191:04.7
   92   2300 1.000719325231895e-01 1.9e+01 1.37e-01  2e-02  8e-02 193:11.1
   93   2325 9.971531537123968e-02 2.0e+01 1.35e-01  2e-02  8e-02 195:17.5
   94   2350 1.038474569827175e-01 2.2e+01 1.16e-01  2e-02  7e-02 197:22.0
   95   2375 1.043262457650930e-01 2.1e+01 9.55e-02  1e-02  5e-02 199:31.5
   96   2400 1.006763007810875e-01 2.1e+01 7.88e-02  9e-03  5e-02 201:38.6
   97   2425 9.996837156855687e-02 2.2e+01 7.19e-02  8e-03  4e-02 203:42.2
   98   2450 1.048124288380402e-01 2.3e+01 7.18e-02  8e-03  4e-02 205:51.0
   99   2475 9.744227725193300e-02 2.7e+01 8.41e-02  1e-02  5e-02 208:06.9
  100   2500 1.021909982381536e-01 2.2e+01 8.02e-02  9e-03  4e-02 210:11.1
  101   2525 9.901904477440227e-02 2.3e+01 7.41e-02  9e-03  4e-02 212:20.5
  102   2550 1.039454198572539e-01 2.3e+01 7.21e-02  8e-03  4e-02 214:35.8
  103   2575 1.055070160657604e-01 2.4e+01 7.18e-02  8e-03  4e-02 216:41.3
  104   2600 1.039293009025640e-01 2.8e+01 6.53e-02  7e-03  3e-02 219:01.9
  105   2625 1.027219875580633e-01 3.1e+01 8.11e-02  9e-03  5e-02 221:08.7
  106   2650 1.039938242558077e-01 3.4e+01 9.17e-02  9e-03  6e-02 223:14.5
  107   2675 1.037010122163126e-01 3.4e+01 1.01e-01  1e-02  6e-02 225:16.6
  108   2700 1.030277533011607e-01 3.4e+01 1.14e-01  1e-02  8e-02 227:25.3
  109   2725 9.668848111878303e-02 3.7e+01 1.23e-01  1e-02  9e-02 229:32.3
  110   2750 1.002544376527856e-01 3.9e+01 1.34e-01  1e-02  9e-02 231:33.5
  111   2775 9.931088386987008e-02 3.9e+01 1.47e-01  2e-02  1e-01 233:40.6
  112   2800 9.822893129833632e-02 3.8e+01 1.44e-01  2e-02  9e-02 235:46.9
  113   2825 9.884697680814680e-02 3.8e+01 1.36e-01  2e-02  9e-02 238:09.0
  114   2850 9.975345187028217e-02 4.0e+01 1.33e-01  2e-02  9e-02 240:11.8
  115   2875 1.050751745991536e-01 4.1e+01 1.17e-01  1e-02  7e-02 242:14.4
  116   2900 1.026633043285682e-01 4.0e+01 1.26e-01  1e-02  7e-02 244:24.0
  117   2925 1.040018527568631e-01 3.8e+01 1.18e-01  1e-02  7e-02 246:36.5
  118   2950 1.044646142733848e-01 4.0e+01 1.29e-01  2e-02  8e-02 248:41.0
  119   2975 1.012228547294100e-01 4.8e+01 1.03e-01  1e-02  7e-02 250:43.0
  120   3000 9.737724181555352e-02 5.1e+01 8.70e-02  1e-02  5e-02 252:44.9
  121   3025 9.861752486266717e-02 5.0e+01 9.41e-02  1e-02  5e-02 254:58.0
  122   3050 9.903891610191240e-02 5.1e+01 1.41e-01  2e-02  8e-02 257:06.4
  123   3075 9.949308965009163e-02 5.0e+01 1.80e-01  2e-02  1e-01 259:10.9
  124   3100 1.028595290113706e-01 6.0e+01 2.12e-01  2e-02  1e-01 261:17.5
  126   3150 1.016279871262286e-01 6.0e+01 2.48e-01  2e-02  1e-01 265:31.3
  127   3175 1.030241929265744e-01 5.4e+01 2.56e-01  3e-02  1e-01 267:37.7
  129   3225 1.012302039532305e-01 6.1e+01 2.71e-01  3e-02  1e-01 271:59.8
  130   3250 9.980028333156599e-02 6.1e+01 3.07e-01  3e-02  1e-01 274:06.8
  132   3300 1.022510181437365e-01 5.5e+01 3.12e-01  3e-02  2e-01 278:22.5
  133   3325 1.017313788459152e-01 6.0e+01 3.98e-01  4e-02  2e-01 280:39.2
  135   3375 1.016895512367313e-01 5.2e+01 3.92e-01  5e-02  2e-01 284:46.4
  137   3425 1.071652913749985e-01 5.1e+01 3.82e-01  5e-02  2e-01 289:10.4
