(4_w,8)-aCMA-ES (mu_w=2.6,w_1=52%) in dimension 4 (seed=189591, Mon Jul 12 13:52:31 2021)
Iterat #Fevals   function value  axis ratio  sigma  min&max std  t[m:s]
    1     25 1.774503660318272e-02 1.0e+00 1.65e+00  2e+00  2e+00 10:14.4
    2     50 1.814673750276703e-01 1.5e+00 1.69e+00  1e+00  2e+00 20:17.2
    3     75 2.613065270087902e-01 1.6e+00 1.89e+00  2e+00  3e+00 39:59.6
    4    100 1.621395732789390e-01 1.9e+00 1.98e+00  2e+00  3e+00 73:08.7
    5    125 1.843673870812529e-01 2.0e+00 2.19e+00  2e+00  3e+00 86:47.6
    6    150 2.391439359916736e-01 2.3e+00 1.99e+00  2e+00  3e+00 93:56.3
    7    175 2.128898854634816e-01 2.5e+00 2.04e+00  2e+00  3e+00 117:22.2
    8    200 1.437778438343352e-01 2.4e+00 2.02e+00  2e+00  3e+00 135:05.3
    9    225 1.395617132394986e-01 2.6e+00 2.24e+00  2e+00  3e+00 157:44.1
   10    250 1.428609083502481e-01 3.0e+00 2.44e+00  2e+00  4e+00 171:31.9
   11    275 2.662657003330565e-01 3.6e+00 2.30e+00  2e+00  3e+00 191:57.9
   12    300 1.122269474840488e-01 3.3e+00 2.04e+00  2e+00  3e+00 205:00.1
   13    325 2.156905163735623e-01 3.3e+00 2.10e+00  2e+00  2e+00 216:42.2
   14    350 2.648370238932208e-01 2.7e+00 1.99e+00  1e+00  2e+00 229:41.8
   15    375 1.330903414321285e-01 3.0e+00 1.78e+00  1e+00  2e+00 240:50.3
   16    400 8.345479387159849e-02 3.3e+00 1.66e+00  1e+00  2e+00 253:07.3
   17    425 1.522335472975357e-01 3.8e+00 1.75e+00  1e+00  2e+00 269:58.9
   18    450 4.710318052083917e-02 4.3e+00 1.97e+00  1e+00  2e+00 283:26.1
   19    475 1.718101748528745e-01 5.2e+00 2.24e+00  2e+00  3e+00 294:20.0
   20    500 6.676187297406688e-02 5.2e+00 2.35e+00  2e+00  3e+00 306:31.7
   21    525 2.100093256926344e-01 5.8e+00 1.99e+00  1e+00  2e+00 315:58.1
   22    550 6.763761739910323e-02 6.1e+00 2.23e+00  2e+00  3e+00 327:14.7
   23    575 1.713124478780609e-01 7.1e+00 2.26e+00  2e+00  3e+00 341:25.2
   24    600 2.866013543183021e-01 8.7e+00 2.12e+00  2e+00  3e+00 354:47.6
   25    625 1.917880463597845e-01 9.6e+00 2.55e+00  2e+00  4e+00 369:56.7
   26    650 1.483354839609941e-02 1.1e+01 2.84e+00  2e+00  4e+00 382:03.6
   27    675 1.717600967944403e-01 1.1e+01 2.79e+00  2e+00  4e+00 391:55.1
   28    700 5.641114328744778e-02 1.1e+01 2.52e+00  2e+00  3e+00 413:05.3
   29    725 8.398699795469045e-02 1.0e+01 2.42e+00  2e+00  3e+00 424:52.5
   30    750 1.300337850246756e-01 1.2e+01 2.03e+00  2e+00  2e+00 435:55.3
   31    775 1.063979236014060e-01 1.3e+01 1.90e+00  2e+00  2e+00 452:58.5
   32    800 1.283393603555056e-01 1.6e+01 2.19e+00  2e+00  3e+00 466:28.3
   33    825 7.367823189092670e-02 1.8e+01 2.27e+00  2e+00  3e+00 479:14.0
   34    850 1.323215515572103e-01 1.9e+01 2.19e+00  2e+00  3e+00 490:30.6
