(4_w,8)-aCMA-ES (mu_w=2.6,w_1=52%) in dimension 4 (seed=999723, Fri Jul  9 15:20:56 2021)
Iterat #Fevals   function value  axis ratio  sigma  min&max std  t[m:s]
    1     25 1.900149440078912e-01 1.0e+00 1.40e+00  1e+00  1e+00 8:07.8
    2     50 3.660118946648494e-01 1.3e+00 1.30e+00  1e+00  1e+00 15:34.3
    3     75 1.289705171436386e-01 1.5e+00 1.45e+00  1e+00  2e+00 28:14.1
    4    100 2.682609003344105e-02 2.0e+00 1.71e+00  2e+00  2e+00 37:15.2
    5    125 1.341691673970719e-01 2.5e+00 1.56e+00  1e+00  2e+00 49:36.9
    6    150 1.538040302308268e-01 2.4e+00 1.26e+00  1e+00  2e+00 58:45.1
    7    175 1.109304334243943e-02 3.0e+00 1.09e+00  8e-01  1e+00 70:22.7
    8    200 8.928528809959424e-02 3.0e+00 1.00e+00  6e-01  1e+00 78:29.7
    9    225 2.253330224779506e-01 3.3e+00 1.06e+00  7e-01  1e+00 90:55.9
   10    250 2.416437435397630e-01 3.2e+00 9.80e-01  6e-01  1e+00 105:14.0
   11    275 2.055508147205299e-01 3.0e+00 8.39e-01  5e-01  1e+00 112:12.6
   12    300 1.939334870755992e-01 2.6e+00 7.57e-01  4e-01  8e-01 118:21.1
   13    325 1.714701699537479e-01 2.1e+00 6.24e-01  3e-01  5e-01 124:49.9
   14    350 2.001553035517307e-01 2.0e+00 5.37e-01  3e-01  4e-01 130:56.8
   15    375 8.969838861355950e-02 2.1e+00 5.01e-01  2e-01  4e-01 137:05.4
   16    400 6.151339166588410e-02 2.3e+00 4.86e-01  2e-01  3e-01 143:12.3
   17    425 4.687544613521788e-02 2.0e+00 4.86e-01  2e-01  3e-01 149:21.2
   18    450 9.736177755626629e-02 2.2e+00 4.68e-01  2e-01  3e-01 155:30.8
   19    475 2.621778193008573e-03 2.3e+00 4.73e-01  2e-01  3e-01 166:36.3
termination on ftarget=0.005
final/bestever f-value = 2.621778e-03 2.621778e-03
incumbent solution: [6.272204014214379, -1.083405771277784, 1.6590525384573807, 3.0486401851653815]
std deviation: [0.2980925925551521, 0.252331427992996, 0.21597056003047344, 0.30127512401438755]
CMAEvolutionStrategyResult(xbest=array([ 6.19965562, -1.24241745,  1.68170626,  3.11791569]), fbest=0.0026217781930085726, evals_best=472, evaluations=475, iterations=19, xfavorite=array([ 6.27220401, -1.08340577,  1.65905254,  3.04864019]), stds=array([0.29809259, 0.25233143, 0.21597056, 0.30127512]), stop={'ftarget': 0.005})
(4_w,8)-aCMA-ES (mu_w=2.6,w_1=52%) in dimension 4 (seed=1092063, Sat Jul 10 13:28:14 2021)
Iterat #Fevals   function value  axis ratio  sigma  min&max std  t[m:s]
    1     25 3.882578745045878e-01 1.0e+00 1.46e+00  1e+00  2e+00 10:38.1
    2     50 2.355699929514617e-01 1.3e+00 1.60e+00  1e+00  2e+00 21:25.4
    3     75 9.682903467168602e-04 1.7e+00 1.75e+00  1e+00  2e+00 34:46.2
termination on ftarget=0.005
final/bestever f-value = 9.682903e-04 9.682903e-04
incumbent solution: [10.353716625088566, 1.8937485692835248, 0.4602004676627591, 4.858290141177583]
std deviation: [2.287757881572883, 1.3654239192286721, 1.6174681350405735, 1.8071222682814365]
CMAEvolutionStrategyResult(xbest=array([11.35262975,  2.5905372 , -1.90409041,  5.87715245]), fbest=0.0009682903467168602, evals_best=70, evaluations=75, iterations=3, xfavorite=array([10.35371663,  1.89374857,  0.46020047,  4.85829014]), stds=array([2.28775788, 1.36542392, 1.61746814, 1.80712227]), stop={'ftarget': 0.005})
(4_w,8)-aCMA-ES (mu_w=2.6,w_1=52%) in dimension 4 (seed=119298, Sun Jul 11 12:53:14 2021)
Iterat #Fevals   function value  axis ratio  sigma  min&max std  t[m:s]
    1     25 2.740831332517176e-01 1.0e+00 1.48e+00  1e+00  2e+00 13:40.3
    2     50 2.735307111894504e-01 1.4e+00 1.32e+00  1e+00  1e+00 32:39.1
    3     75 9.756004203790469e-02 1.3e+00 1.17e+00  1e+00  1e+00 48:22.4
    4    100 1.077103740320696e-01 1.5e+00 1.16e+00  1e+00  1e+00 63:47.1
    5    125 2.192012445461307e-01 1.4e+00 1.04e+00  8e-01  9e-01 73:40.9
    6    150 1.868064449544515e-01 1.6e+00 9.43e-01  7e-01  8e-01 88:30.9
    7    175 9.906442028407536e-02 1.8e+00 7.39e-01  5e-01  6e-01 109:18.7
    8    200 1.637423025396784e-01 2.0e+00 6.13e-01  4e-01  5e-01 128:25.9
    9    225 5.862218621968995e-02 1.9e+00 6.35e-01  4e-01  5e-01 136:51.7
   10    250 2.193741792287220e-01 1.9e+00 5.94e-01  4e-01  4e-01 145:03.3
   11    275 2.174505026924368e-01 1.9e+00 5.30e-01  3e-01  4e-01 153:52.8
   12    300 7.229576244343616e-02 1.8e+00 6.06e-01  3e-01  5e-01 162:14.1
   13    325 3.207838408355290e-02 2.5e+00 5.50e-01  3e-01  4e-01 169:29.2
   14    350 3.226334311373991e-02 2.2e+00 4.62e-01  3e-01  3e-01 176:40.9
   15    375 1.261796912698280e-01 2.4e+00 4.31e-01  2e-01  3e-01 184:11.7
   16    400 1.446559999294948e-01 2.3e+00 3.84e-01  2e-01  2e-01 191:51.1
   17    425 1.503405227780444e-01 2.1e+00 3.58e-01  2e-01  2e-01 199:03.7
   18    450 1.219890724230801e-01 1.9e+00 3.81e-01  2e-01  2e-01 206:33.0
   19    475 2.214306455064664e-01 1.9e+00 3.59e-01  2e-01  2e-01 214:16.1
   20    500 1.853444984793837e-01 2.2e+00 4.11e-01  2e-01  3e-01 221:31.5
   21    525 7.644554903290590e-02 2.7e+00 3.94e-01  2e-01  2e-01 229:10.7
   22    550 3.232191153948227e-02 2.5e+00 3.50e-01  1e-01  2e-01 236:15.1
   23    575 4.222601409146265e-02 2.2e+00 3.15e-01  1e-01  2e-01 242:25.4
   24    600 3.963502246960016e-02 2.1e+00 2.94e-01  1e-01  2e-01 248:36.4
   25    625 1.106079090658788e-01 2.4e+00 2.44e-01  8e-02  1e-01 255:50.5
   26    650 9.679101462100259e-02 2.3e+00 1.96e-01  6e-02  9e-02 263:48.0
   27    675 8.393258721021790e-02 2.3e+00 1.90e-01  6e-02  9e-02 272:21.1
   28    700 9.403000432980102e-02 2.7e+00 1.77e-01  6e-02  8e-02 280:42.8
   29    725 1.449152065526230e-01 3.0e+00 2.18e-01  8e-02  1e-01 289:06.3
   30    750 5.589778244159849e-03 3.1e+00 2.11e-01  8e-02  1e-01 297:58.1
   31    775 2.105090858385472e-02 3.7e+00 1.68e-01  6e-02  9e-02 305:38.8
   32    800 1.551434288470979e-01 3.9e+00 2.16e-01  9e-02  1e-01 313:30.3
   33    825 4.687070479110556e-02 5.2e+00 1.91e-01  8e-02  1e-01 321:06.1
   34    850 1.205844388680877e-01 5.1e+00 1.89e-01  7e-02  1e-01 328:40.3
   35    875 1.081961121094112e-01 5.5e+00 2.07e-01  9e-02  1e-01 336:39.9
   36    900 3.673034286716881e-02 5.7e+00 1.89e-01  8e-02  1e-01 344:37.9
   37    925 2.462617223082741e-02 5.6e+00 2.15e-01  1e-01  1e-01 352:05.8
   38    950 3.357874950001227e-02 5.8e+00 2.13e-01  9e-02  1e-01 359:33.3
   39    975 8.655438805341786e-02 6.5e+00 2.62e-01  1e-01  2e-01 367:29.5
   40   1000 8.050681168163998e-02 5.9e+00 2.62e-01  1e-01  2e-01 374:57.7
   41   1025 1.254644500493068e-01 5.9e+00 2.23e-01  9e-02  1e-01 383:13.0
   42   1050 1.588403035711261e-01 6.0e+00 2.44e-01  1e-01  1e-01 391:10.7
   43   1075 6.688997745557612e-02 6.6e+00 2.31e-01  9e-02  1e-01 398:57.5
   44   1100 5.172778174795944e-02 6.9e+00 2.28e-01  9e-02  1e-01 409:35.8
   45   1125 1.556827931949536e-01 6.7e+00 2.15e-01  9e-02  1e-01 417:10.7
   46   1150 1.792373429863566e-01 7.0e+00 1.84e-01  7e-02  1e-01 424:53.9
   47   1175 1.517582099606729e-01 7.0e+00 1.86e-01  7e-02  1e-01 432:08.0
   48   1200 3.529244725637914e-02 7.3e+00 1.81e-01  6e-02  1e-01 439:22.7
   49   1225 5.554078282222941e-02 7.3e+00 1.76e-01  6e-02  9e-02 450:46.2
   50   1250 7.373121130801141e-02 8.0e+00 2.13e-01  8e-02  1e-01 458:13.9
   51   1275 1.704225560457376e-01 8.0e+00 2.04e-01  7e-02  1e-01 465:50.2
   52   1300 1.631937254083939e-01 7.7e+00 2.12e-01  7e-02  1e-01 473:28.8
   53   1325 1.171559941426505e-01 7.4e+00 2.02e-01  7e-02  9e-02 481:11.3
   54   1350 1.447041195819291e-01 7.1e+00 2.09e-01  7e-02  1e-01 492:26.8
   55   1375 1.599396155252356e-01 7.7e+00 2.17e-01  7e-02  1e-01 503:13.3
   56   1400 7.824832759471700e-02 7.0e+00 1.92e-01  7e-02  9e-02 512:02.7
   57   1425 9.558365696364535e-02 7.3e+00 2.07e-01  7e-02  9e-02 520:40.5
   58   1450 1.076034002426148e-01 6.5e+00 2.09e-01  7e-02  9e-02 528:08.4
   59   1475 1.361678075131934e-01 6.2e+00 1.94e-01  6e-02  8e-02 536:44.2
   60   1500 1.462378832012068e-01 6.0e+00 2.14e-01  6e-02  8e-02 544:21.2
   61   1525 1.291572031158407e-01 5.2e+00 1.96e-01  6e-02  8e-02 552:02.6
   62   1550 1.355260256575243e-01 5.2e+00 1.96e-01  6e-02  8e-02 559:29.6
   63   1575 1.071959297658577e-01 5.5e+00 1.89e-01  6e-02  8e-02 566:55.3
   64   1600 1.220299428497060e-01 5.9e+00 2.01e-01  6e-02  8e-02 574:48.5
   65   1625 7.546217650597831e-02 5.6e+00 2.49e-01  7e-02  1e-01 583:25.2
   66   1650 5.228054123639070e-02 6.9e+00 3.01e-01  8e-02  2e-01 591:28.4
   67   1675 1.138283051060396e-01 8.1e+00 3.03e-01  8e-02  1e-01 598:53.0
   68   1700 1.222826364806596e-01 7.1e+00 3.22e-01  9e-02  2e-01 606:28.4
   69   1725 9.774337498549945e-02 7.7e+00 2.76e-01  7e-02  1e-01 616:51.0
   70   1750 1.193957559633035e-01 7.8e+00 2.35e-01  6e-02  1e-01 626:25.6
   71   1775 1.381094797311228e-01 7.6e+00 2.65e-01  6e-02  1e-01 636:09.3
   72   1800 1.371903821388309e-01 5.9e+00 2.65e-01  6e-02  1e-01 647:16.3
(4_w,8)-aCMA-ES (mu_w=2.6,w_1=52%) in dimension 4 (seed=156890, Mon Jul 12 00:27:48 2021)
Iterat #Fevals   function value  axis ratio  sigma  min&max std  t[m:s]
    1     25 2.393028049666742e-01 1.0e+00 1.34e+00  1e+00  1e+00 8:26.8
    2     50 2.359696386738042e-01 1.3e+00 1.07e+00  8e-01  1e+00 16:17.0
    3     75 3.484432741047017e-02 1.6e+00 1.02e+00  7e-01  1e+00 24:36.8
    4    100 1.253033906995191e-01 1.7e+00 8.90e-01  6e-01  8e-01 33:03.2
    5    125 4.431871243231922e-02 1.7e+00 7.17e-01  5e-01  6e-01 40:45.3
    6    150 3.772241015601374e-02 1.6e+00 5.81e-01  4e-01  5e-01 48:11.6
    7    175 5.600133381037109e-02 1.7e+00 5.28e-01  3e-01  4e-01 55:04.1
    8    200 1.043092708457172e-02 2.0e+00 4.33e-01  3e-01  4e-01 63:08.9
    9    225 7.302969766998180e-03 2.2e+00 4.13e-01  2e-01  4e-01 69:19.9
   10    250 1.452051874909650e-01 2.5e+00 3.58e-01  2e-01  3e-01 75:31.2
   11    275 6.641077760873160e-02 2.8e+00 3.90e-01  2e-01  3e-01 81:52.6
   12    300 1.129022821174174e-01 3.1e+00 3.53e-01  2e-01  3e-01 88:04.1
   13    325 1.429196100858259e-01 3.4e+00 4.87e-01  3e-01  4e-01 94:15.3
   14    350 1.499539636378218e-01 3.3e+00 5.38e-01  3e-01  4e-01 100:26.4
   15    375 1.220805191342411e-01 2.7e+00 5.61e-01  3e-01  4e-01 107:17.7
   16    400 1.381847670723946e-01 2.6e+00 5.01e-01  2e-01  3e-01 113:29.0
   17    425 9.562628287326891e-02 2.8e+00 5.09e-01  2e-01  3e-01 120:15.5
   18    450 6.909482578116266e-02 2.5e+00 4.74e-01  2e-01  3e-01 127:32.5
   19    475 8.478613254095491e-02 2.2e+00 4.27e-01  2e-01  2e-01 133:43.5
   20    500 5.410828903585785e-02 2.3e+00 3.93e-01  1e-01  2e-01 140:23.8
   21    525 8.570621148905211e-02 2.4e+00 3.84e-01  1e-01  2e-01 146:34.2
   22    550 6.718098410053641e-02 2.8e+00 3.43e-01  1e-01  2e-01 152:45.4
   23    575 1.034111782596774e-01 3.0e+00 3.01e-01  9e-02  2e-01 158:56.5
   24    600 1.634881560351801e-01 3.2e+00 2.82e-01  8e-02  2e-01 165:08.4
   25    625 1.419543445937733e-01 3.0e+00 3.02e-01  8e-02  2e-01 171:19.8
   26    650 9.587920759309809e-02 3.2e+00 3.35e-01  9e-02  2e-01 178:30.4
   27    675 1.437425420118011e-01 3.3e+00 3.23e-01  9e-02  2e-01 185:19.6
   28    700 1.108140827252359e-01 3.2e+00 3.07e-01  8e-02  1e-01 191:30.6
   29    725 8.520113392506123e-02 2.6e+00 3.45e-01  9e-02  2e-01 198:35.9
   30    750 1.185773212630161e-01 2.7e+00 3.30e-01  9e-02  2e-01 204:46.8
   31    775 1.106450758084411e-01 2.6e+00 3.34e-01  8e-02  2e-01 212:06.0
   32    800 1.379905852428783e-01 3.2e+00 3.41e-01  8e-02  2e-01 218:53.8
   33    825 1.171055193301821e-01 3.5e+00 2.82e-01  6e-02  1e-01 225:04.0
   34    850 6.889915562775972e-02 3.5e+00 3.15e-01  8e-02  2e-01 232:29.5
   35    875 7.956651280536753e-02 3.1e+00 3.11e-01  8e-02  1e-01 238:38.9
   36    900 6.461580490362639e-02 3.1e+00 3.24e-01  8e-02  1e-01 244:46.2
   37    925 3.493006475804450e-02 3.0e+00 3.51e-01  8e-02  2e-01 251:17.2
   38    950 7.413318406693770e-02 2.8e+00 2.94e-01  7e-02  1e-01 257:27.2
   39    975 4.890205174451712e-03 2.8e+00 2.84e-01  7e-02  1e-01 263:46.1
termination on ftarget=0.005
final/bestever f-value = 4.890205e-03 4.890205e-03
incumbent solution: [1.683814354167617, 5.222804166636025, 5.230601344024533, -2.3336124354750734]
std deviation: [0.1129771824905318, 0.06750349208133614, 0.10121326355155201, 0.07759368456095002]
CMAEvolutionStrategyResult(xbest=array([ 1.7311066 ,  5.21078712,  5.21255654, -2.27762665]), fbest=0.004890205174451712, evals_best=971, evaluations=975, iterations=39, xfavorite=array([ 1.68381435,  5.22280417,  5.23060134, -2.33361244]), stds=array([0.11297718, 0.06750349, 0.10121326, 0.07759368]), stop={'ftarget': 0.005})
(4_w,8)-aCMA-ES (mu_w=2.6,w_1=52%) in dimension 4 (seed=146214, Mon Jul 12 10:16:41 2021)
Iterat #Fevals   function value  axis ratio  sigma  min&max std  t[m:s]
    1     25 6.784776780661472e-02 1.0e+00 1.53e+00  1e+00  2e+00 11:02.4
    2     50 1.168925136699275e-01 1.2e+00 1.36e+00  1e+00  1e+00 19:55.9
    3     75 1.905673685237326e-01 1.3e+00 1.12e+00  9e-01  1e+00 30:10.2
    4    100 3.694588652996550e-01 1.6e+00 1.06e+00  9e-01  1e+00 39:51.2
    5    125 1.124172742386589e-01 1.8e+00 1.05e+00  8e-01  1e+00 50:38.5
    6    150 1.507254718426816e-01 2.0e+00 1.11e+00  8e-01  1e+00 60:49.4
    7    175 3.494923032729368e-01 2.3e+00 1.03e+00  8e-01  1e+00 69:15.9
    8    200 3.074583712967562e-01 2.4e+00 9.90e-01  6e-01  1e+00 79:07.5
    9    225 2.720639754454899e-01 3.0e+00 1.05e+00  6e-01  1e+00 89:35.9
   10    250 2.833232386551165e-01 3.1e+00 1.24e+00  9e-01  2e+00 99:49.5
   11    275 2.924539076607057e-01 3.4e+00 1.54e+00  1e+00  2e+00 111:31.7
   12    300 2.326401763874736e-01 3.4e+00 1.42e+00  1e+00  2e+00 121:26.0
   13    325 2.930131895212222e-01 3.6e+00 1.18e+00  8e-01  1e+00 133:07.9
   14    350 1.964550505818173e-01 3.5e+00 1.12e+00  7e-01  1e+00 142:01.3
   15    375 2.205845571179754e-03 3.3e+00 1.09e+00  6e-01  1e+00 149:21.3
(4_w,8)-aCMA-ES (mu_w=2.6,w_1=52%) in dimension 4 (seed=229696, Mon Jul 12 12:50:03 2021)
