(4_w,8)-aCMA-ES (mu_w=2.6,w_1=52%) in dimension 4 (seed=870543, Mon Jul 19 13:23:35 2021)
Iterat #Fevals   function value  axis ratio  sigma  min&max std  t[m:s]
    1     25 3.316005204044503e-01 1.0e+00 1.57e+00  1e+00  2e+00 5:50.8
    2     50 5.186144294048298e-01 1.3e+00 1.44e+00  1e+00  1e+00 10:48.0
    3     75 3.859732677466665e-01 1.2e+00 1.76e+00  2e+00  2e+00 15:23.0
    4    100 7.387329452866576e-02 1.6e+00 1.74e+00  2e+00  2e+00 21:54.2
    5    125 1.214033338999938e-01 2.0e+00 1.68e+00  1e+00  2e+00 36:46.7
    6    150 9.452315555997293e-02 2.3e+00 1.51e+00  1e+00  2e+00 43:18.2
    7    175 1.907071322616961e-01 2.5e+00 1.31e+00  1e+00  2e+00 49:49.7
    8    200 5.740556712549216e-02 2.6e+00 1.30e+00  1e+00  1e+00 81:22.5
    9    225 1.121391057312322e-01 2.4e+00 1.09e+00  8e-01  1e+00 87:52.4
   10    250 6.352586712834629e-02 2.3e+00 8.57e-01  6e-01  7e-01 94:21.4
   11    275 1.703016622618581e-02 2.2e+00 7.40e-01  5e-01  6e-01 100:50.8
   12    300 2.909833615024726e-03 2.1e+00 8.02e-01  6e-01  7e-01 107:21.1
(4_w,8)-aCMA-ES (mu_w=2.6,w_1=52%) in dimension 4 (seed=838990, Mon Jul 19 15:14:24 2021)
Iterat #Fevals   function value  axis ratio  sigma  min&max std  t[m:s]
    1     25 1.596503758297642e-01 1.0e+00 1.42e+00  1e+00  1e+00 6:45.9
    2     50 2.255873493059415e-01 1.3e+00 1.48e+00  1e+00  2e+00 14:56.2
    3     75 2.513458116522780e-01 1.6e+00 1.33e+00  1e+00  2e+00 22:14.7
    4    100 1.367314198105679e-01 1.9e+00 1.37e+00  1e+00  2e+00 29:19.7
    5    125 2.763281465052191e-01 1.9e+00 1.20e+00  9e-01  1e+00 39:17.3
    6    150 2.354907490206073e-01 2.1e+00 1.06e+00  8e-01  1e+00 46:01.7
    7    175 1.610679760626053e-01 2.0e+00 8.62e-01  6e-01  1e+00 55:57.3
    8    200 2.320265985378105e-01 2.3e+00 9.40e-01  6e-01  1e+00 62:44.9
    9    225 6.912298957762908e-02 2.3e+00 1.05e+00  7e-01  1e+00 70:03.4
   10    250 2.096651708101672e-01 2.8e+00 9.15e-01  6e-01  1e+00 76:50.6
   11    275 1.431226178873823e-01 2.8e+00 8.17e-01  5e-01  8e-01 84:34.0
   12    300 1.816443170969821e-01 3.0e+00 7.44e-01  5e-01  7e-01 91:35.9
   13    325 2.348591679284980e-01 3.5e+00 7.65e-01  5e-01  8e-01 98:27.5
   14    350 2.658410311762793e-01 3.9e+00 6.66e-01  4e-01  7e-01 105:15.1
   15    375 2.357928618304839e-01 3.8e+00 6.43e-01  4e-01  6e-01 112:02.1
   16    400 7.290267845031229e-02 3.4e+00 7.94e-01  5e-01  9e-01 118:52.6
   17    425 4.989794140067894e-02 4.5e+00 1.02e+00  7e-01  1e+00 137:38.3
   18    450 7.985182424882575e-02 6.8e+00 8.84e-01  6e-01  1e+00 147:27.7
   19    475 1.261379306954272e-01 6.4e+00 7.32e-01  5e-01  9e-01 159:16.4
   20    500 1.071847112567059e-02 6.9e+00 6.57e-01  4e-01  8e-01 166:41.7
   21    525 2.828698297093313e-03 7.6e+00 6.01e-01  4e-01  8e-01 173:28.5
(4_w,8)-aCMA-ES (mu_w=2.6,w_1=52%) in dimension 4 (seed=841251, Mon Jul 19 18:11:21 2021)
Iterat #Fevals   function value  axis ratio  sigma  min&max std  t[m:s]
    1     25 2.700514831103330e-01 1.0e+00 1.42e+00  1e+00  1e+00 6:46.8
    2     50 1.600379206219699e-01 1.2e+00 1.43e+00  1e+00  2e+00 13:31.9
    3     75 2.516802702300378e-01 1.5e+00 1.34e+00  1e+00  2e+00 20:32.2
    4    100 1.916639089785341e-01 1.6e+00 1.35e+00  9e-01  1e+00 27:58.9
    5    125 1.603270552659712e-01 1.9e+00 1.17e+00  7e-01  1e+00 35:19.6
    6    150 1.212680885838235e-01 2.0e+00 1.05e+00  7e-01  1e+00 42:06.1
    7    175 1.522517906855708e-01 1.9e+00 9.02e-01  5e-01  8e-01 48:53.3
    8    200 1.954206378955662e-01 2.1e+00 8.51e-01  5e-01  8e-01 63:35.3
    9    225 1.463058363814783e-01 2.3e+00 7.69e-01  4e-01  7e-01 70:24.1
   10    250 1.491218561476133e-01 2.1e+00 7.04e-01  4e-01  6e-01 77:10.6
   11    275 1.053864690537871e-01 2.3e+00 6.46e-01  4e-01  5e-01 83:58.6
   12    300 5.570259728907490e-02 2.3e+00 5.68e-01  3e-01  4e-01 90:47.0
   13    325 1.038062073068194e-01 2.2e+00 5.37e-01  3e-01  4e-01 98:25.1
   14    350 1.370324163292980e-02 2.1e+00 5.06e-01  3e-01  4e-01 105:13.0
   15    375 6.874353891167062e-02 2.1e+00 4.53e-01  2e-01  3e-01 111:57.8
   16    400 5.708118723419942e-02 2.0e+00 3.67e-01  2e-01  2e-01 119:25.6
   17    425 6.081461708222324e-03 2.0e+00 3.62e-01  2e-01  2e-01 126:12.5
   18    450 1.541214300164250e-01 1.9e+00 3.45e-01  2e-01  2e-01 133:00.6
   19    475 1.655893636536803e-01 1.9e+00 3.16e-01  1e-01  2e-01 139:47.9
   20    500 1.672620552877846e-02 2.0e+00 3.33e-01  2e-01  2e-01 146:34.6
   21    525 9.407378009658174e-02 2.1e+00 3.30e-01  1e-01  2e-01 153:20.1
   22    550 1.592921776525079e-01 2.2e+00 3.95e-01  2e-01  2e-01 160:05.9
   23    575 7.481127826738376e-04 2.3e+00 3.66e-01  1e-01  2e-01 167:51.6
(4_w,8)-aCMA-ES (mu_w=2.6,w_1=52%) in dimension 4 (seed=791971, Mon Jul 19 21:02:42 2021)
Iterat #Fevals   function value  axis ratio  sigma  min&max std  t[m:s]
    1     25 2.016186856731746e-01 1.0e+00 1.73e+00  2e+00  2e+00 6:47.7
    2     50 3.890343668769373e-01 1.5e+00 1.78e+00  2e+00  2e+00 17:31.6
    3     75 3.953678832573021e-01 1.5e+00 1.66e+00  1e+00  2e+00 24:18.2
    4    100 3.932401980897680e-01 1.7e+00 1.50e+00  1e+00  2e+00 31:17.1
    5    125 3.579334973258975e-01 2.0e+00 1.38e+00  1e+00  1e+00 38:04.6
    6    150 2.770070691046125e-01 2.1e+00 1.33e+00  1e+00  1e+00 44:52.8
    7    175 1.797266373114345e-01 2.3e+00 1.45e+00  1e+00  2e+00 52:36.5
    8    200 8.621863457112988e-02 2.6e+00 1.52e+00  1e+00  2e+00 59:32.3
    9    225 6.278273119131539e-03 3.0e+00 1.62e+00  1e+00  2e+00 66:20.4
   10    250 3.094181735020760e-01 2.8e+00 1.76e+00  1e+00  2e+00 73:30.3
   11    275 1.028784763674334e-01 2.4e+00 1.55e+00  1e+00  1e+00 80:18.4
   12    300 2.719808509166926e-01 2.3e+00 1.35e+00  9e-01  1e+00 87:04.7
   13    325 2.992200901281196e-01 2.5e+00 1.23e+00  8e-01  1e+00 93:49.5
   14    350 2.726681532711798e-01 2.5e+00 1.19e+00  7e-01  1e+00 100:36.1
   15    375 1.845135542880972e-01 2.2e+00 1.11e+00  6e-01  8e-01 107:22.6
   16    400 2.027232211276968e-01 1.9e+00 1.07e+00  6e-01  8e-01 116:02.9
   17    425 1.972396421109915e-01 2.1e+00 9.04e-01  5e-01  6e-01 124:09.4
   18    450 1.614112237889485e-01 2.1e+00 9.42e-01  4e-01  7e-01 131:59.6
   19    475 2.233404304140176e-01 2.3e+00 9.06e-01  4e-01  7e-01 141:06.0
   20    500 2.494477003861664e-01 2.7e+00 9.29e-01  4e-01  7e-01 148:38.5
termination on ftarget=0.005
final/bestever f-value = 7.481128e-04 7.481128e-04
incumbent solution: [1.10576446051606, 3.7251329807715794, 3.1039123042790973, -1.101914855211524]
std deviation: [0.1357409030582722, 0.16870410855176918, 0.2422291195491386, 0.20700306843663002]
CMAEvolutionStrategyResult(xbest=array([ 1.15398667,  3.61713586,  3.21548974, -1.06320782]), fbest=0.0007481127826738376, evals_best=564, evaluations=575, iterations=23, xfavorite=array([ 1.10576446,  3.72513298,  3.1039123 , -1.10191486]), stds=array([0.1357409 , 0.16870411, 0.24222912, 0.20700307]), stop={'ftarget': 0.005})
termination on ftarget=0.005
final/bestever f-value = 2.828698e-03 2.828698e-03
incumbent solution: [0.1102877532449077, 1.1012860990032343, 2.9080396558926926, 1.2616895181854673]
std deviation: [0.7757539021831156, 0.538970748438526, 0.35029272184495, 0.4813918497644002]
CMAEvolutionStrategyResult(xbest=array([-0.09877656,  1.19079732,  2.93032172,  0.99400928]), fbest=0.0028286982970933128, evals_best=510, evaluations=525, iterations=21, xfavorite=array([0.11028775, 1.1012861 , 2.90803966, 1.26168952]), stds=array([0.7757539 , 0.53897075, 0.35029272, 0.48139185]), stop={'ftarget': 0.005})
termination on ftarget=0.005
final/bestever f-value = 2.909834e-03 2.909834e-03
incumbent solution: [1.7569337686843518, 6.464857497720579, 1.3574085611452993, 7.617060307844081]
std deviation: [0.5837993192733442, 0.6590721882268654, 0.7091066098511609, 0.5539847422915493]
CMAEvolutionStrategyResult(xbest=array([1.5346153 , 5.82524359, 2.18041387, 7.86828425]), fbest=0.002909833615024726, evals_best=278, evaluations=300, iterations=12, xfavorite=array([1.75693377, 6.4648575 , 1.35740856, 7.61706031]), stds=array([0.58379932, 0.65907219, 0.70910661, 0.55398474]), stop={'ftarget': 0.005})
(4_w,8)-aCMA-ES (mu_w=2.6,w_1=52%) in dimension 4 (seed=849816, Mon Jul 19 23:45:59 2021)
Iterat #Fevals   function value  axis ratio  sigma  min&max std  t[m:s]
    1     25 2.901616500839749e-01 1.0e+00 1.65e+00  2e+00  2e+00 10:36.7
    2     50 2.181507387431968e-01 1.4e+00 1.53e+00  1e+00  2e+00 22:00.2
    3     75 2.404694871706802e-01 1.4e+00 1.62e+00  2e+00  2e+00 45:04.1
    4    100 2.229131701578153e-01 1.6e+00 1.43e+00  1e+00  2e+00 58:22.9
    5    125 7.773754985649617e-02 1.8e+00 1.35e+00  1e+00  1e+00 66:24.4
    6    150 1.393465320736744e-01 1.7e+00 1.36e+00  1e+00  1e+00 71:01.6
    7    175 2.880068959465897e-01 1.9e+00 1.46e+00  1e+00  2e+00 77:47.2
    8    200 2.932217294732057e-01 2.6e+00 1.44e+00  1e+00  2e+00 83:12.5
    9    225 1.940039180253218e-01 2.9e+00 1.27e+00  1e+00  1e+00 90:40.4
   10    250 1.877123550357647e-01 3.0e+00 1.03e+00  8e-01  1e+00 97:38.6
   11    275 1.706234620317211e-01 2.9e+00 9.23e-01  7e-01  9e-01 103:35.0
   12    300 9.296110061069007e-03 3.1e+00 7.95e-01  5e-01  8e-01 110:07.0
   13    325 2.315290051305072e-01 3.6e+00 8.24e-01  5e-01  8e-01 116:53.7
   14    350 2.666154744688135e-01 3.4e+00 7.77e-01  4e-01  7e-01 121:19.2
   15    375 1.601296395340507e-01 3.5e+00 8.24e-01  4e-01  9e-01 129:27.5
   16    400 2.542233748739564e-02 3.9e+00 7.18e-01  3e-01  7e-01 136:13.8
   17    425 5.110855483375754e-03 4.1e+00 6.73e-01  3e-01  7e-01 143:09.8
   18    450 6.459485182894176e-02 4.1e+00 5.48e-01  2e-01  5e-01 148:17.7
   19    475 3.649360006582480e-02 3.7e+00 4.63e-01  2e-01  4e-01 155:13.9
   20    500 3.331242903195086e-04 3.8e+00 3.94e-01  1e-01  3e-01 162:58.1
(4_w,8)-aCMA-ES (mu_w=2.6,w_1=52%) in dimension 4 (seed=886103, Tue Jul 20 02:29:47 2021)
Iterat #Fevals   function value  axis ratio  sigma  min&max std  t[m:s]
    1     25 3.594046745654261e-01 1.0e+00 1.69e+00  2e+00  2e+00 6:47.2
    2     50 4.039561127872949e-01 1.3e+00 1.53e+00  1e+00  2e+00 12:43.4
    3     75 3.639489882722033e-01 1.5e+00 1.37e+00  1e+00  2e+00 21:01.8
    4    100 2.703877317598112e-01 1.7e+00 1.28e+00  1e+00  2e+00 25:48.0
    5    125 3.154527150733486e-01 2.0e+00 1.65e+00  1e+00  2e+00 32:35.4
    6    150 2.139528891331284e-01 3.2e+00 2.13e+00  2e+00  3e+00 39:21.3
    7    175 1.950260005099621e-01 3.2e+00 2.13e+00  2e+00  3e+00 46:59.6
    8    200 2.872518132977411e-01 3.1e+00 2.07e+00  2e+00  3e+00 53:44.8
    9    225 1.787085730067794e-01 3.1e+00 2.26e+00  2e+00  3e+00 60:32.6
   10    250 3.295502607811707e-01 3.6e+00 2.28e+00  2e+00  3e+00 67:40.3
   11    275 3.619444729402708e-01 3.2e+00 2.05e+00  2e+00  2e+00 73:47.6
   12    300 3.061201106163016e-01 3.6e+00 1.87e+00  2e+00  2e+00 80:53.8
   13    325 1.683694110702968e-01 3.6e+00 1.70e+00  1e+00  2e+00 88:19.9
   14    350 1.804547982224060e-01 3.2e+00 1.34e+00  1e+00  1e+00 95:45.6
   15    375 2.406277571890366e-01 3.1e+00 1.09e+00  8e-01  1e+00 102:12.6
   16    400 2.756592187714758e-01 2.7e+00 9.92e-01  7e-01  8e-01 108:56.9
   17    425 1.895562780324231e-01 2.6e+00 9.02e-01  6e-01  7e-01 116:21.0
   18    450 8.920421832596404e-02 2.7e+00 9.56e-01  6e-01  8e-01 123:33.7
   19    475 4.912470886526121e-02 2.6e+00 8.31e-01  5e-01  6e-01 130:03.8
   20    500 8.060852619137693e-02 2.5e+00 8.20e-01  5e-01  6e-01 137:14.2
   21    525 1.114541539928293e-01 2.7e+00 6.88e-01  4e-01  5e-01 144:13.0
   22    550 7.933544842295781e-02 2.6e+00 5.62e-01  3e-01  4e-01 150:58.2
   23    575 2.020998484791980e-03 2.9e+00 5.21e-01  3e-01  4e-01 157:44.0
(4_w,8)-aCMA-ES (mu_w=2.6,w_1=52%) in dimension 4 (seed=866280, Tue Jul 20 05:10:58 2021)
Iterat #Fevals   function value  axis ratio  sigma  min&max std  t[m:s]
    1     25 3.568209649411904e-01 1.0e+00 1.46e+00  1e+00  2e+00 7:09.4
    2     50 2.916762818007995e-01 1.3e+00 1.67e+00  1e+00  2e+00 14:28.2
    3     75 1.131016666112359e-01 1.7e+00 1.78e+00  1e+00  2e+00 20:36.8
    4    100 1.656759754167791e-01 1.8e+00 1.74e+00  1e+00  2e+00 30:17.1
    5    125 3.285698871245526e-01 2.1e+00 1.55e+00  1e+00  2e+00 37:01.6
    6    150 1.942377435806171e-01 2.2e+00 1.40e+00  9e-01  2e+00 43:47.2
    7    175 1.627617088752019e-01 2.4e+00 1.63e+00  1e+00  2e+00 51:13.4
    8    200 7.243816866656294e-02 2.6e+00 1.64e+00  1e+00  2e+00 55:52.2
    9    225 8.936277714999175e-02 2.5e+00 1.38e+00  1e+00  2e+00 60:28.2
   10    250 7.947083180110148e-02 2.7e+00 1.20e+00  8e-01  1e+00 67:09.7
   11    275 1.298342673238062e-02 2.3e+00 1.14e+00  7e-01  1e+00 71:50.7
   12    300 1.487163253894408e-01 2.9e+00 9.51e-01  5e-01  1e+00 76:34.2
   13    325 4.636267591153431e-02 3.1e+00 8.76e-01  5e-01  9e-01 83:50.7
   14    350 1.118478649189155e-01 3.2e+00 8.59e-01  5e-01  8e-01 132:24.5
   15    375 9.813501008353409e-02 3.2e+00 9.27e-01  5e-01  1e+00 151:26.8
   16    400 7.980348173275342e-02 3.6e+00 9.72e-01  5e-01  1e+00 158:24.0
   17    425 5.841483539342596e-02 3.8e+00 1.02e+00  6e-01  1e+00 162:41.5
   18    450 1.042049645805746e-01 4.8e+00 9.04e-01  5e-01  1e+00 167:24.9
   19    475 1.284869896554802e-01 4.3e+00 9.79e-01  5e-01  1e+00 181:01.2
   20    500 8.907265052019431e-02 4.8e+00 8.78e-01  4e-01  9e-01 195:40.8
(4_w,8)-aCMA-ES (mu_w=2.6,w_1=52%) in dimension 4 (seed=188643, Fri Jul 23 15:17:55 2021)
Iterat #Fevals   function value  axis ratio  sigma  min&max std  t[m:s]
    1     25 2.825663363085308e-01 1.0e+00 1.54e+00  1e+00  2e+00 12:19.2
    2     50 2.042809238191964e-01 1.3e+00 1.64e+00  1e+00  2e+00 27:30.3
    3     75 2.407857607241232e-01 1.5e+00 1.49e+00  1e+00  2e+00 41:46.7
    4    100 2.309270669045795e-01 1.6e+00 1.78e+00  1e+00  2e+00 50:30.0
    5    125 8.699672929235058e-02 1.7e+00 1.98e+00  2e+00  2e+00 62:55.6
    6    150 2.577300570659499e-01 1.9e+00 1.91e+00  1e+00  2e+00 71:08.3
    7    175 1.675956424138323e-01 2.2e+00 1.92e+00  1e+00  2e+00 84:22.2
    8    200 2.482002300942958e-01 2.1e+00 1.80e+00  1e+00  2e+00 95:55.0
    9    225 1.112851486722518e-01 2.1e+00 2.11e+00  2e+00  3e+00 109:04.1
   10    250 4.982569077946882e-01 2.7e+00 2.63e+00  2e+00  4e+00 120:42.0
   11    275 2.210253512123668e-01 3.2e+00 2.65e+00  2e+00  3e+00 132:11.5
   12    300 1.834230664389213e-01 3.7e+00 3.25e+00  3e+00  4e+00 143:54.8
   13    325 1.288808748105472e-01 3.9e+00 3.11e+00  3e+00  4e+00 157:04.7
(4_w,8)-aCMA-ES (mu_w=2.6,w_1=52%) in dimension 4 (seed=122377, Fri Jul 23 18:19:28 2021)
Iterat #Fevals   function value  axis ratio  sigma  min&max std  t[m:s]
    1     25 1.799427839746404e-01 1.0e+00 1.65e+00  2e+00  2e+00 8:14.5
    2     50 2.493907167436522e-01 1.3e+00 1.50e+00  1e+00  2e+00 23:36.3
    3     75 2.465391906219447e-01 1.3e+00 1.25e+00  1e+00  1e+00 42:02.3
    4    100 1.671927294867943e-01 1.3e+00 1.14e+00  9e-01  1e+00 57:36.3
    5    125 2.560283480793933e-01 1.4e+00 1.08e+00  9e-01  1e+00 70:33.3
    6    150 2.934510637473237e-01 1.6e+00 1.09e+00  8e-01  1e+00 82:39.1
    7    175 2.478005367159559e-01 1.4e+00 9.62e-01  7e-01  9e-01 94:49.1
    8    200 1.259158837061390e-01 1.4e+00 8.48e-01  6e-01  8e-01 107:41.5
    9    225 3.283952618285452e-01 1.6e+00 6.94e-01  4e-01  6e-01 119:36.1
   10    250 1.904319646587793e-02 1.6e+00 7.82e-01  5e-01  8e-01 132:01.3
   11    275 5.639855619755019e-02 1.8e+00 7.68e-01  5e-01  7e-01 143:37.9
   12    300 1.240363739351225e-01 2.0e+00 7.19e-01  4e-01  7e-01 155:58.0
   13    325 1.501460177979572e-01 2.0e+00 6.88e-01  4e-01  6e-01 168:01.4
   14    350 9.106545297446733e-02 2.1e+00 5.83e-01  3e-01  5e-01 179:25.6
   15    375 1.158424607302863e-01 2.1e+00 5.33e-01  3e-01  4e-01 190:39.1
   16    400 1.160811502155554e-01 1.9e+00 4.32e-01  2e-01  3e-01 201:49.3
   17    425 1.264031838741196e-01 1.8e+00 3.93e-01  2e-01  3e-01 213:10.3
   18    450 3.698809099588007e-02 2.0e+00 3.42e-01  1e-01  2e-01 225:35.1
   19    475 8.119192725619429e-02 2.0e+00 3.14e-01  1e-01  2e-01 237:15.2
   20    500 1.806029368685708e-01 2.2e+00 2.81e-01  1e-01  2e-01 249:22.8
   21    525 1.471581009728500e-01 2.1e+00 2.60e-01  1e-01  2e-01 260:32.9
   22    550 1.093462828832045e-01 2.2e+00 2.37e-01  9e-02  2e-01 271:49.3
   23    575 2.495426918553523e-02 2.3e+00 2.74e-01  1e-01  2e-01 283:33.9
   24    600 9.395225864132395e-02 2.5e+00 2.99e-01  1e-01  2e-01 299:35.5
   25    625 2.569333082367198e-02 2.5e+00 2.98e-01  1e-01  2e-01 314:14.6
