(4_w,8)-aCMA-ES (mu_w=2.6,w_1=52%) in dimension 4 (seed=994588, Wed Jul 21 11:29:22 2021)
Iterat #Fevals   function value  axis ratio  sigma  min&max std  t[m:s]
    1     25 3.001278573456937e-01 1.0e+00 1.49e+00  1e+00  2e+00 4:29.3
    2     50 3.306292422856304e-01 1.2e+00 1.54e+00  2e+00  2e+00 9:13.3
    3     75 1.871852223750470e-02 1.4e+00 1.49e+00  1e+00  2e+00 13:43.8
    4    100 4.308895407951182e-01 1.6e+00 1.56e+00  1e+00  2e+00 18:42.7
    5    125 3.868636303334476e-01 2.0e+00 1.45e+00  1e+00  2e+00 22:54.9
    6    150 1.666067659930803e-01 2.1e+00 1.45e+00  1e+00  2e+00 27:02.9
    7    175 1.542315080228325e-01 2.1e+00 1.40e+00  1e+00  2e+00 31:34.2
    8    200 1.521478620359413e-01 2.2e+00 1.36e+00  1e+00  2e+00 35:43.4
    9    225 1.438179655116876e-01 2.5e+00 1.44e+00  1e+00  2e+00 39:50.7
   10    250 2.343351518506778e-01 2.5e+00 1.32e+00  9e-01  2e+00 43:59.1
   11    275 2.869798393411883e-01 2.6e+00 1.22e+00  8e-01  2e+00 48:18.7
   12    300 1.385813885862295e-01 2.5e+00 1.14e+00  7e-01  1e+00 52:27.6
   13    325 2.558883754323514e-01 2.8e+00 9.99e-01  6e-01  1e+00 159:56.3
   14    350 1.697904196954292e-02 3.0e+00 1.08e+00  6e-01  2e+00 164:06.7
   15    375 8.330327108850732e-03 3.9e+00 1.13e+00  6e-01  2e+00 168:11.7
   16    400 1.341229377021663e-01 4.0e+00 1.44e+00  9e-01  2e+00 172:14.4
   17    425 1.811783009443608e-01 3.6e+00 1.48e+00  9e-01  2e+00 176:26.0
   18    450 1.350395068097053e-01 4.3e+00 1.39e+00  8e-01  2e+00 180:32.6
   19    475 3.440865779114279e-01 4.2e+00 1.27e+00  7e-01  2e+00 184:34.7
   20    500 3.141453792139820e-01 4.8e+00 1.30e+00  8e-01  2e+00 188:44.8
   21    525 1.794544510719546e-01 5.0e+00 1.21e+00  7e-01  2e+00 193:05.2
   22    550 1.771697072826062e-01 5.2e+00 1.01e+00  6e-01  1e+00 197:16.3
   23    575 1.558421415332828e-01 5.6e+00 1.20e+00  7e-01  2e+00 201:25.6
   24    600 2.958989866191389e-01 5.1e+00 1.59e+00  9e-01  2e+00 259:39.7
   25    625 3.588334743309750e-01 5.3e+00 1.33e+00  7e-01  2e+00 263:51.3
   26    650 5.912559169875564e-02 5.5e+00 1.28e+00  7e-01  2e+00 267:54.7
   27    675 3.081923282799749e-01 6.1e+00 1.28e+00  8e-01  2e+00 271:57.7
   28    700 2.733696288839657e-01 6.2e+00 1.06e+00  6e-01  1e+00 276:06.2
   29    725 1.228694209457053e-01 5.4e+00 1.21e+00  7e-01  1e+00 280:13.4
   30    750 7.023344650234953e-02 6.3e+00 1.04e+00  5e-01  1e+00 284:29.3
   31    775 7.106469186704545e-02 6.7e+00 8.48e-01  4e-01  8e-01 288:32.4
   32    800 1.206504806276951e-01 6.4e+00 8.68e-01  4e-01  8e-01 292:32.1
   33    825 9.598205604661636e-02 6.8e+00 8.34e-01  4e-01  8e-01 296:29.7
   34    850 2.897496558452040e-02 6.6e+00 7.77e-01  3e-01  7e-01 300:33.9
   35    875 1.733825474634298e-02 6.1e+00 6.85e-01  3e-01  7e-01 304:43.4
   36    900 2.687679415672939e-03 6.3e+00 6.88e-01  3e-01  7e-01 308:47.7
(4_w,8)-aCMA-ES (mu_w=2.6,w_1=52%) in dimension 4 (seed=1004647, Wed Jul 21 16:38:59 2021)
Iterat #Fevals   function value  axis ratio  sigma  min&max std  t[m:s]
    1     25 4.808001659076127e-01 1.0e+00 1.56e+00  1e+00  2e+00 4:39.0
termination on ftarget=0.005
final/bestever f-value = 2.687679e-03 2.687679e-03
incumbent solution: [-0.5462647176283544, 2.7076885527453043, 2.1798434895904517, -0.6286639659836263]
std deviation: [0.6452589609798505, 0.27936686233269203, 0.6576251754435423, 0.3954687933200905]
CMAEvolutionStrategyResult(xbest=array([ 0.02807116,  2.90804985,  1.58168835, -0.7339542 ]), fbest=0.002687679415672939, evals_best=880, evaluations=900, iterations=36, xfavorite=array([-0.54626472,  2.70768855,  2.17984349, -0.62866397]), stds=array([0.64525896, 0.27936686, 0.65762518, 0.39546879]), stop={'ftarget': 0.005})
