(4_w,8)-aCMA-ES (mu_w=2.6,w_1=52%) in dimension 4 (seed=999723, Fri Jul  9 15:20:56 2021)
Iterat #Fevals   function value  axis ratio  sigma  min&max std  t[m:s]
    1     25 1.900149440078912e-01 1.0e+00 1.40e+00  1e+00  1e+00 8:07.8
    2     50 3.660118946648494e-01 1.3e+00 1.30e+00  1e+00  1e+00 15:34.3
    3     75 1.289705171436386e-01 1.5e+00 1.45e+00  1e+00  2e+00 28:14.1
    4    100 2.682609003344105e-02 2.0e+00 1.71e+00  2e+00  2e+00 37:15.2
    5    125 1.341691673970719e-01 2.5e+00 1.56e+00  1e+00  2e+00 49:36.9
    6    150 1.538040302308268e-01 2.4e+00 1.26e+00  1e+00  2e+00 58:45.1
    7    175 1.109304334243943e-02 3.0e+00 1.09e+00  8e-01  1e+00 70:22.7
    8    200 8.928528809959424e-02 3.0e+00 1.00e+00  6e-01  1e+00 78:29.7
    9    225 2.253330224779506e-01 3.3e+00 1.06e+00  7e-01  1e+00 90:55.9
   10    250 2.416437435397630e-01 3.2e+00 9.80e-01  6e-01  1e+00 105:14.0
   11    275 2.055508147205299e-01 3.0e+00 8.39e-01  5e-01  1e+00 112:12.6
   12    300 1.939334870755992e-01 2.6e+00 7.57e-01  4e-01  8e-01 118:21.1
   13    325 1.714701699537479e-01 2.1e+00 6.24e-01  3e-01  5e-01 124:49.9
   14    350 2.001553035517307e-01 2.0e+00 5.37e-01  3e-01  4e-01 130:56.8
   15    375 8.969838861355950e-02 2.1e+00 5.01e-01  2e-01  4e-01 137:05.4
   16    400 6.151339166588410e-02 2.3e+00 4.86e-01  2e-01  3e-01 143:12.3
   17    425 4.687544613521788e-02 2.0e+00 4.86e-01  2e-01  3e-01 149:21.2
   18    450 9.736177755626629e-02 2.2e+00 4.68e-01  2e-01  3e-01 155:30.8
   19    475 2.621778193008573e-03 2.3e+00 4.73e-01  2e-01  3e-01 166:36.3
termination on ftarget=0.005
final/bestever f-value = 2.621778e-03 2.621778e-03
incumbent solution: [6.272204014214379, -1.083405771277784, 1.6590525384573807, 3.0486401851653815]
std deviation: [0.2980925925551521, 0.252331427992996, 0.21597056003047344, 0.30127512401438755]
CMAEvolutionStrategyResult(xbest=array([ 6.19965562, -1.24241745,  1.68170626,  3.11791569]), fbest=0.0026217781930085726, evals_best=472, evaluations=475, iterations=19, xfavorite=array([ 6.27220401, -1.08340577,  1.65905254,  3.04864019]), stds=array([0.29809259, 0.25233143, 0.21597056, 0.30127512]), stop={'ftarget': 0.005})
(4_w,8)-aCMA-ES (mu_w=2.6,w_1=52%) in dimension 4 (seed=1092063, Sat Jul 10 13:28:14 2021)
Iterat #Fevals   function value  axis ratio  sigma  min&max std  t[m:s]
    1     25 3.882578745045878e-01 1.0e+00 1.46e+00  1e+00  2e+00 10:38.1
    2     50 2.355699929514617e-01 1.3e+00 1.60e+00  1e+00  2e+00 21:25.4
    3     75 9.682903467168602e-04 1.7e+00 1.75e+00  1e+00  2e+00 34:46.2
termination on ftarget=0.005
final/bestever f-value = 9.682903e-04 9.682903e-04
incumbent solution: [10.353716625088566, 1.8937485692835248, 0.4602004676627591, 4.858290141177583]
std deviation: [2.287757881572883, 1.3654239192286721, 1.6174681350405735, 1.8071222682814365]
CMAEvolutionStrategyResult(xbest=array([11.35262975,  2.5905372 , -1.90409041,  5.87715245]), fbest=0.0009682903467168602, evals_best=70, evaluations=75, iterations=3, xfavorite=array([10.35371663,  1.89374857,  0.46020047,  4.85829014]), stds=array([2.28775788, 1.36542392, 1.61746814, 1.80712227]), stop={'ftarget': 0.005})
(4_w,8)-aCMA-ES (mu_w=2.6,w_1=52%) in dimension 4 (seed=119298, Sun Jul 11 12:53:14 2021)
Iterat #Fevals   function value  axis ratio  sigma  min&max std  t[m:s]
    1     25 2.740831332517176e-01 1.0e+00 1.48e+00  1e+00  2e+00 13:40.3
    2     50 2.735307111894504e-01 1.4e+00 1.32e+00  1e+00  1e+00 32:39.1
    3     75 9.756004203790469e-02 1.3e+00 1.17e+00  1e+00  1e+00 48:22.4
    4    100 1.077103740320696e-01 1.5e+00 1.16e+00  1e+00  1e+00 63:47.1
    5    125 2.192012445461307e-01 1.4e+00 1.04e+00  8e-01  9e-01 73:40.9
    6    150 1.868064449544515e-01 1.6e+00 9.43e-01  7e-01  8e-01 88:30.9
    7    175 9.906442028407536e-02 1.8e+00 7.39e-01  5e-01  6e-01 109:18.7
    8    200 1.637423025396784e-01 2.0e+00 6.13e-01  4e-01  5e-01 128:25.9
    9    225 5.862218621968995e-02 1.9e+00 6.35e-01  4e-01  5e-01 136:51.7
   10    250 2.193741792287220e-01 1.9e+00 5.94e-01  4e-01  4e-01 145:03.3
   11    275 2.174505026924368e-01 1.9e+00 5.30e-01  3e-01  4e-01 153:52.8
   12    300 7.229576244343616e-02 1.8e+00 6.06e-01  3e-01  5e-01 162:14.1
   13    325 3.207838408355290e-02 2.5e+00 5.50e-01  3e-01  4e-01 169:29.2
   14    350 3.226334311373991e-02 2.2e+00 4.62e-01  3e-01  3e-01 176:40.9
   15    375 1.261796912698280e-01 2.4e+00 4.31e-01  2e-01  3e-01 184:11.7
   16    400 1.446559999294948e-01 2.3e+00 3.84e-01  2e-01  2e-01 191:51.1
   17    425 1.503405227780444e-01 2.1e+00 3.58e-01  2e-01  2e-01 199:03.7
   18    450 1.219890724230801e-01 1.9e+00 3.81e-01  2e-01  2e-01 206:33.0
   19    475 2.214306455064664e-01 1.9e+00 3.59e-01  2e-01  2e-01 214:16.1
   20    500 1.853444984793837e-01 2.2e+00 4.11e-01  2e-01  3e-01 221:31.5
   21    525 7.644554903290590e-02 2.7e+00 3.94e-01  2e-01  2e-01 229:10.7
   22    550 3.232191153948227e-02 2.5e+00 3.50e-01  1e-01  2e-01 236:15.1
   23    575 4.222601409146265e-02 2.2e+00 3.15e-01  1e-01  2e-01 242:25.4
   24    600 3.963502246960016e-02 2.1e+00 2.94e-01  1e-01  2e-01 248:36.4
   25    625 1.106079090658788e-01 2.4e+00 2.44e-01  8e-02  1e-01 255:50.5
   26    650 9.679101462100259e-02 2.3e+00 1.96e-01  6e-02  9e-02 263:48.0
   27    675 8.393258721021790e-02 2.3e+00 1.90e-01  6e-02  9e-02 272:21.1
   28    700 9.403000432980102e-02 2.7e+00 1.77e-01  6e-02  8e-02 280:42.8
   29    725 1.449152065526230e-01 3.0e+00 2.18e-01  8e-02  1e-01 289:06.3
   30    750 5.589778244159849e-03 3.1e+00 2.11e-01  8e-02  1e-01 297:58.1
   31    775 2.105090858385472e-02 3.7e+00 1.68e-01  6e-02  9e-02 305:38.8
   32    800 1.551434288470979e-01 3.9e+00 2.16e-01  9e-02  1e-01 313:30.3
   33    825 4.687070479110556e-02 5.2e+00 1.91e-01  8e-02  1e-01 321:06.1
   34    850 1.205844388680877e-01 5.1e+00 1.89e-01  7e-02  1e-01 328:40.3
   35    875 1.081961121094112e-01 5.5e+00 2.07e-01  9e-02  1e-01 336:39.9
   36    900 3.673034286716881e-02 5.7e+00 1.89e-01  8e-02  1e-01 344:37.9
   37    925 2.462617223082741e-02 5.6e+00 2.15e-01  1e-01  1e-01 352:05.8
   38    950 3.357874950001227e-02 5.8e+00 2.13e-01  9e-02  1e-01 359:33.3
   39    975 8.655438805341786e-02 6.5e+00 2.62e-01  1e-01  2e-01 367:29.5
   40   1000 8.050681168163998e-02 5.9e+00 2.62e-01  1e-01  2e-01 374:57.7
   41   1025 1.254644500493068e-01 5.9e+00 2.23e-01  9e-02  1e-01 383:13.0
   42   1050 1.588403035711261e-01 6.0e+00 2.44e-01  1e-01  1e-01 391:10.7
   43   1075 6.688997745557612e-02 6.6e+00 2.31e-01  9e-02  1e-01 398:57.5
   44   1100 5.172778174795944e-02 6.9e+00 2.28e-01  9e-02  1e-01 409:35.8
   45   1125 1.556827931949536e-01 6.7e+00 2.15e-01  9e-02  1e-01 417:10.7
   46   1150 1.792373429863566e-01 7.0e+00 1.84e-01  7e-02  1e-01 424:53.9
   47   1175 1.517582099606729e-01 7.0e+00 1.86e-01  7e-02  1e-01 432:08.0
   48   1200 3.529244725637914e-02 7.3e+00 1.81e-01  6e-02  1e-01 439:22.7
   49   1225 5.554078282222941e-02 7.3e+00 1.76e-01  6e-02  9e-02 450:46.2
   50   1250 7.373121130801141e-02 8.0e+00 2.13e-01  8e-02  1e-01 458:13.9
   51   1275 1.704225560457376e-01 8.0e+00 2.04e-01  7e-02  1e-01 465:50.2
   52   1300 1.631937254083939e-01 7.7e+00 2.12e-01  7e-02  1e-01 473:28.8
   53   1325 1.171559941426505e-01 7.4e+00 2.02e-01  7e-02  9e-02 481:11.3
   54   1350 1.447041195819291e-01 7.1e+00 2.09e-01  7e-02  1e-01 492:26.8
   55   1375 1.599396155252356e-01 7.7e+00 2.17e-01  7e-02  1e-01 503:13.3
   56   1400 7.824832759471700e-02 7.0e+00 1.92e-01  7e-02  9e-02 512:02.7
   57   1425 9.558365696364535e-02 7.3e+00 2.07e-01  7e-02  9e-02 520:40.5
   58   1450 1.076034002426148e-01 6.5e+00 2.09e-01  7e-02  9e-02 528:08.4
   59   1475 1.361678075131934e-01 6.2e+00 1.94e-01  6e-02  8e-02 536:44.2
   60   1500 1.462378832012068e-01 6.0e+00 2.14e-01  6e-02  8e-02 544:21.2
   61   1525 1.291572031158407e-01 5.2e+00 1.96e-01  6e-02  8e-02 552:02.6
   62   1550 1.355260256575243e-01 5.2e+00 1.96e-01  6e-02  8e-02 559:29.6
   63   1575 1.071959297658577e-01 5.5e+00 1.89e-01  6e-02  8e-02 566:55.3
   64   1600 1.220299428497060e-01 5.9e+00 2.01e-01  6e-02  8e-02 574:48.5
   65   1625 7.546217650597831e-02 5.6e+00 2.49e-01  7e-02  1e-01 583:25.2
   66   1650 5.228054123639070e-02 6.9e+00 3.01e-01  8e-02  2e-01 591:28.4
   67   1675 1.138283051060396e-01 8.1e+00 3.03e-01  8e-02  1e-01 598:53.0
   68   1700 1.222826364806596e-01 7.1e+00 3.22e-01  9e-02  2e-01 606:28.4
   69   1725 9.774337498549945e-02 7.7e+00 2.76e-01  7e-02  1e-01 616:51.0
   70   1750 1.193957559633035e-01 7.8e+00 2.35e-01  6e-02  1e-01 626:25.6
   71   1775 1.381094797311228e-01 7.6e+00 2.65e-01  6e-02  1e-01 636:09.3
   72   1800 1.371903821388309e-01 5.9e+00 2.65e-01  6e-02  1e-01 647:16.3
(4_w,8)-aCMA-ES (mu_w=2.6,w_1=52%) in dimension 4 (seed=156890, Mon Jul 12 00:27:48 2021)
Iterat #Fevals   function value  axis ratio  sigma  min&max std  t[m:s]
    1     25 2.393028049666742e-01 1.0e+00 1.34e+00  1e+00  1e+00 8:26.8
    2     50 2.359696386738042e-01 1.3e+00 1.07e+00  8e-01  1e+00 16:17.0
    3     75 3.484432741047017e-02 1.6e+00 1.02e+00  7e-01  1e+00 24:36.8
    4    100 1.253033906995191e-01 1.7e+00 8.90e-01  6e-01  8e-01 33:03.2
    5    125 4.431871243231922e-02 1.7e+00 7.17e-01  5e-01  6e-01 40:45.3
    6    150 3.772241015601374e-02 1.6e+00 5.81e-01  4e-01  5e-01 48:11.6
    7    175 5.600133381037109e-02 1.7e+00 5.28e-01  3e-01  4e-01 55:04.1
    8    200 1.043092708457172e-02 2.0e+00 4.33e-01  3e-01  4e-01 63:08.9
    9    225 7.302969766998180e-03 2.2e+00 4.13e-01  2e-01  4e-01 69:19.9
   10    250 1.452051874909650e-01 2.5e+00 3.58e-01  2e-01  3e-01 75:31.2
   11    275 6.641077760873160e-02 2.8e+00 3.90e-01  2e-01  3e-01 81:52.6
   12    300 1.129022821174174e-01 3.1e+00 3.53e-01  2e-01  3e-01 88:04.1
   13    325 1.429196100858259e-01 3.4e+00 4.87e-01  3e-01  4e-01 94:15.3
   14    350 1.499539636378218e-01 3.3e+00 5.38e-01  3e-01  4e-01 100:26.4
   15    375 1.220805191342411e-01 2.7e+00 5.61e-01  3e-01  4e-01 107:17.7
   16    400 1.381847670723946e-01 2.6e+00 5.01e-01  2e-01  3e-01 113:29.0
   17    425 9.562628287326891e-02 2.8e+00 5.09e-01  2e-01  3e-01 120:15.5
   18    450 6.909482578116266e-02 2.5e+00 4.74e-01  2e-01  3e-01 127:32.5
   19    475 8.478613254095491e-02 2.2e+00 4.27e-01  2e-01  2e-01 133:43.5
   20    500 5.410828903585785e-02 2.3e+00 3.93e-01  1e-01  2e-01 140:23.8
   21    525 8.570621148905211e-02 2.4e+00 3.84e-01  1e-01  2e-01 146:34.2
   22    550 6.718098410053641e-02 2.8e+00 3.43e-01  1e-01  2e-01 152:45.4
   23    575 1.034111782596774e-01 3.0e+00 3.01e-01  9e-02  2e-01 158:56.5
   24    600 1.634881560351801e-01 3.2e+00 2.82e-01  8e-02  2e-01 165:08.4
   25    625 1.419543445937733e-01 3.0e+00 3.02e-01  8e-02  2e-01 171:19.8
   26    650 9.587920759309809e-02 3.2e+00 3.35e-01  9e-02  2e-01 178:30.4
   27    675 1.437425420118011e-01 3.3e+00 3.23e-01  9e-02  2e-01 185:19.6
   28    700 1.108140827252359e-01 3.2e+00 3.07e-01  8e-02  1e-01 191:30.6
   29    725 8.520113392506123e-02 2.6e+00 3.45e-01  9e-02  2e-01 198:35.9
   30    750 1.185773212630161e-01 2.7e+00 3.30e-01  9e-02  2e-01 204:46.8
   31    775 1.106450758084411e-01 2.6e+00 3.34e-01  8e-02  2e-01 212:06.0
   32    800 1.379905852428783e-01 3.2e+00 3.41e-01  8e-02  2e-01 218:53.8
   33    825 1.171055193301821e-01 3.5e+00 2.82e-01  6e-02  1e-01 225:04.0
   34    850 6.889915562775972e-02 3.5e+00 3.15e-01  8e-02  2e-01 232:29.5
   35    875 7.956651280536753e-02 3.1e+00 3.11e-01  8e-02  1e-01 238:38.9
   36    900 6.461580490362639e-02 3.1e+00 3.24e-01  8e-02  1e-01 244:46.2
   37    925 3.493006475804450e-02 3.0e+00 3.51e-01  8e-02  2e-01 251:17.2
   38    950 7.413318406693770e-02 2.8e+00 2.94e-01  7e-02  1e-01 257:27.2
   39    975 4.890205174451712e-03 2.8e+00 2.84e-01  7e-02  1e-01 263:46.1
termination on ftarget=0.005
final/bestever f-value = 4.890205e-03 4.890205e-03
incumbent solution: [1.683814354167617, 5.222804166636025, 5.230601344024533, -2.3336124354750734]
std deviation: [0.1129771824905318, 0.06750349208133614, 0.10121326355155201, 0.07759368456095002]
CMAEvolutionStrategyResult(xbest=array([ 1.7311066 ,  5.21078712,  5.21255654, -2.27762665]), fbest=0.004890205174451712, evals_best=971, evaluations=975, iterations=39, xfavorite=array([ 1.68381435,  5.22280417,  5.23060134, -2.33361244]), stds=array([0.11297718, 0.06750349, 0.10121326, 0.07759368]), stop={'ftarget': 0.005})
(4_w,8)-aCMA-ES (mu_w=2.6,w_1=52%) in dimension 4 (seed=146214, Mon Jul 12 10:16:41 2021)
Iterat #Fevals   function value  axis ratio  sigma  min&max std  t[m:s]
    1     25 6.784776780661472e-02 1.0e+00 1.53e+00  1e+00  2e+00 11:02.4
    2     50 1.168925136699275e-01 1.2e+00 1.36e+00  1e+00  1e+00 19:55.9
    3     75 1.905673685237326e-01 1.3e+00 1.12e+00  9e-01  1e+00 30:10.2
    4    100 3.694588652996550e-01 1.6e+00 1.06e+00  9e-01  1e+00 39:51.2
    5    125 1.124172742386589e-01 1.8e+00 1.05e+00  8e-01  1e+00 50:38.5
    6    150 1.507254718426816e-01 2.0e+00 1.11e+00  8e-01  1e+00 60:49.4
    7    175 3.494923032729368e-01 2.3e+00 1.03e+00  8e-01  1e+00 69:15.9
    8    200 3.074583712967562e-01 2.4e+00 9.90e-01  6e-01  1e+00 79:07.5
    9    225 2.720639754454899e-01 3.0e+00 1.05e+00  6e-01  1e+00 89:35.9
   10    250 2.833232386551165e-01 3.1e+00 1.24e+00  9e-01  2e+00 99:49.5
   11    275 2.924539076607057e-01 3.4e+00 1.54e+00  1e+00  2e+00 111:31.7
   12    300 2.326401763874736e-01 3.4e+00 1.42e+00  1e+00  2e+00 121:26.0
   13    325 2.930131895212222e-01 3.6e+00 1.18e+00  8e-01  1e+00 133:07.9
   14    350 1.964550505818173e-01 3.5e+00 1.12e+00  7e-01  1e+00 142:01.3
   15    375 2.205845571179754e-03 3.3e+00 1.09e+00  6e-01  1e+00 149:21.3
(4_w,8)-aCMA-ES (mu_w=2.6,w_1=52%) in dimension 4 (seed=229696, Mon Jul 12 12:50:03 2021)
Iterat #Fevals   function value  axis ratio  sigma  min&max std  t[m:s]
    1     25 9.230932255600188e-02 1.0e+00 1.21e+00  1e+00  1e+00 10:22.2
    2     50 2.448516690553311e-01 1.2e+00 9.76e-01  8e-01  9e-01 17:52.0
    3     75 2.401135110680377e-01 1.4e+00 8.20e-01  7e-01  7e-01 24:55.9
    4    100 2.209872628249628e-01 1.5e+00 7.13e-01  6e-01  6e-01 31:60.0
    5    125 1.447536756794588e-01 1.5e+00 6.35e-01  4e-01  5e-01 39:08.7
    6    150 1.627564219909320e-01 1.8e+00 5.07e-01  3e-01  4e-01 46:25.8
    7    175 2.798160769905389e-02 1.9e+00 4.77e-01  3e-01  4e-01 53:29.2
(4_w,8)-aCMA-ES (mu_w=2.6,w_1=52%) in dimension 4 (seed=208618, Mon Jul 12 13:55:01 2021)
    9    225 9.264968692701625e-02 2.5e+00 4.03e-01  2e-01  4e-01 66:21.0
Iterat #Fevals   function value  axis ratio  sigma  min&max std  t[m:s]
    1     25 2.224434913904658e-01 1.0e+00 1.71e+00  2e+00  2e+00 6:24.2
   10    250 3.270007879527093e-02 2.6e+00 3.84e-01  2e-01  3e-01 75:14.0
    2     50 1.959977891298897e-01 1.4e+00 1.77e+00  2e+00  2e+00 13:49.9
   11    275 1.527042194851669e-03 2.9e+00 3.38e-01  2e-01  3e-01 82:22.0
    3     75 9.999842789443525e-02 1.6e+00 1.77e+00  2e+00  2e+00 20:47.9
(4_w,8)-aCMA-ES (mu_w=2.6,w_1=52%) in dimension 4 (seed=293816, Mon Jul 12 14:16:15 2021)
    4    100 7.377237568523798e-02 1.8e+00 1.96e+00  2e+00  2e+00 26:51.0
Iterat #Fevals   function value  axis ratio  sigma  min&max std  t[m:s]
    1     25 4.552193209052025e-02 1.0e+00 1.30e+00  1e+00  1e+00 6:46.9
    5    125 8.774396347682090e-02 2.1e+00 2.56e+00  2e+00  3e+00 32:54.3
    2     50 3.073517990148900e-02 1.2e+00 1.37e+00  1e+00  1e+00 14:01.1
    6    150 2.436952057963913e-01 2.1e+00 3.02e+00  3e+00  4e+00 39:18.3
    3     75 1.599129826125555e-01 1.2e+00 1.42e+00  1e+00  1e+00 21:28.4
termination on ftarget=0.005
final/bestever f-value = 1.527042e-03 1.527042e-03
incumbent solution: [5.447171043970082, 3.6636206481695996, 1.5599868574963969, 3.582619334435434]
std deviation: [0.1800518304224889, 0.28542579572965476, 0.19994944695328704, 0.2488112813513192]
CMAEvolutionStrategyResult(xbest=array([5.62119047, 3.63173777, 1.62413782, 3.59834942]), fbest=0.0015270421948516688, evals_best=267, evaluations=275, iterations=11, xfavorite=array([5.44717104, 3.66362065, 1.55998686, 3.58261933]), stds=array([0.18005183, 0.2854258 , 0.19994945, 0.24881128]), stop={'ftarget': 0.005})
    7    175 2.353298679141135e-01 2.1e+00 3.64e+00  3e+00  5e+00 47:06.3
-------------------------------------------------------------------------------------------------------------

(4_w,8)-aCMA-ES (mu_w=2.6,w_1=52%) in dimension 4 (seed=197741, Mon Jul 12 14:54:03 2021)
Iterat #Fevals   function value  axis ratio  sigma  min&max std  t[m:s]
    1     25 4.187617299538153e-01 1.0e+00 1.32e+00  1e+00  1e+00 7:33.3
    2     50 2.505523062877727e-01 1.2e+00 1.49e+00  1e+00  2e+00 15:03.6
    3     75 2.543037925495372e-01 1.6e+00 1.25e+00  1e+00  1e+00 21:53.4
    4    100 2.800236740076875e-01 2.1e+00 1.13e+00  8e-01  1e+00 28:40.4
    5    125 3.301162295918775e-01 2.2e+00 1.16e+00  8e-01  1e+00 35:29.1
    6    150 2.017164087047610e-01 1.9e+00 1.47e+00  1e+00  2e+00 43:07.9
    7    175 2.915577980346923e-01 2.1e+00 1.56e+00  1e+00  2e+00 49:54.5
    8    200 1.354321053952661e-01 2.3e+00 1.54e+00  1e+00  2e+00 56:41.2
    9    225 7.686188679206407e-02 2.1e+00 1.40e+00  9e-01  1e+00 64:01.9
   10    250 1.029844467427284e-01 2.3e+00 1.16e+00  7e-01  1e+00 72:19.3
   11    275 1.710368044131020e-01 2.5e+00 1.10e+00  7e-01  1e+00 83:16.1
   12    300 1.325282617182265e-01 2.5e+00 1.24e+00  8e-01  1e+00 116:09.1
   13    325 2.409822101051140e-02 3.0e+00 1.04e+00  6e-01  9e-01 133:10.6
   14    350 1.941232927369080e-01 2.8e+00 8.70e-01  5e-01  7e-01 140:08.7
   15    375 1.520495334893519e-01 2.6e+00 7.04e-01  4e-01  5e-01 146:55.3
   16    400 9.202842806748612e-02 2.5e+00 5.94e-01  3e-01  4e-01 153:41.6
   17    425 5.657793040362680e-02 2.8e+00 6.12e-01  3e-01  5e-01 160:27.9
   18    450 2.484398619966766e-02 2.9e+00 6.51e-01  3e-01  5e-01 167:14.4
   19    475 4.453878022769930e-02 3.2e+00 6.74e-01  3e-01  6e-01 178:05.3
   20    500 4.110314502698920e-02 3.9e+00 5.48e-01  2e-01  4e-01 185:29.9
   21    525 1.769265065861947e-03 3.9e+00 4.48e-01  2e-01  3e-01 192:23.5
(4_w,8)-aCMA-ES (mu_w=2.6,w_1=52%) in dimension 4 (seed=214127, Mon Jul 12 18:10:19 2021)
Iterat #Fevals   function value  axis ratio  sigma  min&max std  t[m:s]
    1     25 4.229086690176046e-01 1.0e+00 1.50e+00  1e+00  2e+00 6:49.2
    2     50 3.790588589919216e-01 1.3e+00 1.45e+00  1e+00  1e+00 13:33.1
    3     75 3.365316874460910e-01 1.3e+00 1.40e+00  1e+00  1e+00 20:30.5
    4    100 4.162899953993354e-01 1.4e+00 1.16e+00  9e-01  1e+00 27:17.3
    5    125 2.427670128668749e-01 1.5e+00 1.16e+00  8e-01  1e+00 34:03.3
    6    150 2.834366033305559e-01 1.5e+00 1.12e+00  8e-01  1e+00 40:51.5
    7    175 1.564333597106895e-01 1.6e+00 1.33e+00  1e+00  1e+00 48:02.8
    8    200 1.552572921075077e-01 2.0e+00 1.41e+00  1e+00  1e+00 55:40.7
    9    225 1.145103520505574e-01 2.0e+00 1.25e+00  9e-01  1e+00 62:38.5
   10    250 1.389123712785163e-01 1.9e+00 1.04e+00  6e-01  1e+00 69:24.7
   11    275 4.130259315322204e-02 2.3e+00 8.60e-01  5e-01  8e-01 76:11.8
   12    300 6.612790574703453e-02 2.3e+00 6.79e-01  4e-01  6e-01 83:14.5
   13    325 2.952580531211169e-03 2.1e+00 5.95e-01  3e-01  5e-01 90:17.5
(4_w,8)-aCMA-ES (mu_w=2.6,w_1=52%) in dimension 4 (seed=150844, Mon Jul 12 19:44:44 2021)
Iterat #Fevals   function value  axis ratio  sigma  min&max std  t[m:s]
    1     25 2.743054964917884e-01 1.0e+00 1.34e+00  1e+00  1e+00 6:47.1
    2     50 2.329168195296617e-01 1.3e+00 1.18e+00  1e+00  1e+00 14:00.9
    3     75 3.073011943182563e-01 1.4e+00 1.45e+00  1e+00  2e+00 21:23.4
    4    100 1.535122891050423e-01 2.1e+00 1.31e+00  1e+00  1e+00 33:31.2
    5    125 1.099235830348320e-01 2.1e+00 1.08e+00  8e-01  1e+00 46:53.8
    6    150 6.839805618714334e-03 2.6e+00 1.08e+00  8e-01  1e+00 52:57.2
    7    175 5.753215428175418e-03 3.4e+00 1.10e+00  9e-01  1e+00 59:00.4
    8    200 1.029669467443983e-02 4.4e+00 9.90e-01  7e-01  1e+00 65:07.9
    9    225 2.275023524106146e-02 4.0e+00 8.22e-01  6e-01  8e-01 71:13.6
   10    250 2.574685553554157e-02 4.0e+00 7.18e-01  5e-01  7e-01 77:25.7
   11    275 3.035792624205221e-01 3.5e+00 7.98e-01  5e-01  8e-01 83:29.7
   12    300 1.550163182150441e-01 3.9e+00 1.13e+00  7e-01  1e+00 89:34.1
   13    325 1.119519062501527e-01 3.9e+00 1.23e+00  8e-01  1e+00 96:07.1
   14    350 1.255551563513644e-01 3.8e+00 1.23e+00  7e-01  1e+00 102:14.5
   15    375 9.316944270885719e-02 3.9e+00 1.31e+00  7e-01  1e+00 108:21.0
   16    400 2.588875324289792e-01 3.5e+00 1.13e+00  6e-01  9e-01 114:25.3
   17    425 1.355761935716503e-01 3.3e+00 9.20e-01  5e-01  7e-01 120:32.4
   18    450 1.068841270082592e-01 3.4e+00 8.05e-01  4e-01  6e-01 126:39.6
   19    475 4.929777288315962e-02 3.1e+00 7.19e-01  3e-01  5e-01 133:16.5
   20    500 1.282441356254707e-01 3.2e+00 6.23e-01  3e-01  4e-01 140:12.0
   21    525 9.220304736440310e-03 2.9e+00 6.00e-01  3e-01  4e-01 146:15.2
   22    550 6.650601765534414e-02 2.8e+00 5.57e-01  2e-01  4e-01 152:30.0
   23    575 8.795850711826136e-02 2.6e+00 5.92e-01  2e-01  4e-01 158:34.0
   24    600 8.540692184469956e-03 2.6e+00 6.13e-01  2e-01  4e-01 164:37.2
   25    625 1.174240451218156e-02 2.9e+00 7.11e-01  3e-01  5e-01 170:40.5
   26    650 1.114419025597257e-02 3.1e+00 6.68e-01  2e-01  4e-01 176:43.6
   27    675 7.960225740753168e-03 3.5e+00 7.64e-01  3e-01  5e-01 182:46.8
   28    700 3.647571448903486e-03 3.3e+00 7.22e-01  3e-01  4e-01 189:12.7
(4_w,8)-aCMA-ES (mu_w=2.6,w_1=52%) in dimension 4 (seed=186251, Mon Jul 12 23:00:33 2021)
Iterat #Fevals   function value  axis ratio  sigma  min&max std  t[m:s]
    1     25 4.629983224797762e-02 1.0e+00 1.31e+00  1e+00  1e+00 11:13.0
    2     50 7.056114113571987e-02 1.2e+00 1.12e+00  1e+00  1e+00 20:17.2
    3     75 5.507459407935889e-02 1.3e+00 1.02e+00  8e-01  1e+00 26:20.4
    4    100 7.864223409659943e-02 1.6e+00 8.62e-01  6e-01  1e+00 33:41.3
    5    125 8.414018683090219e-03 1.9e+00 9.90e-01  8e-01  1e+00 39:44.4
    6    150 2.306406478495593e-02 2.4e+00 1.03e+00  8e-01  1e+00 45:48.2
    7    175 1.397378856587084e-03 2.7e+00 9.96e-01  7e-01  1e+00 56:57.2
(4_w,8)-aCMA-ES (mu_w=2.6,w_1=52%) in dimension 4 (seed=214890, Tue Jul 13 00:04:10 2021)
Iterat #Fevals   function value  axis ratio  sigma  min&max std  t[m:s]
    1     25 7.765443292974006e-02 1.0e+00 1.41e+00  1e+00  1e+00 14:59.6
    2     50 1.971336822740265e-01 1.2e+00 1.39e+00  1e+00  1e+00 21:02.7
    3     75 4.327655274702691e-01 1.3e+00 1.53e+00  1e+00  2e+00 27:05.8
    4    100 1.449543176254047e-01 1.8e+00 1.52e+00  1e+00  2e+00 33:08.9
    5    125 9.630412960702783e-02 1.8e+00 1.36e+00  9e-01  2e+00 39:41.5
    6    150 7.760195814552306e-02 1.8e+00 1.36e+00  8e-01  2e+00 45:44.4
    7    175 1.181715010019839e-01 2.2e+00 1.39e+00  8e-01  2e+00 51:47.6
    8    200 1.748745204714853e-01 2.5e+00 1.10e+00  6e-01  1e+00 57:50.8
    9    225 5.163796997217029e-02 2.4e+00 1.14e+00  6e-01  1e+00 64:07.8
   10    250 3.249230404126391e-02 2.7e+00 1.30e+00  7e-01  2e+00 70:11.3
   11    275 3.320472466631674e-02 3.5e+00 1.19e+00  5e-01  2e+00 76:14.6
   12    300 9.074654923768799e-03 3.9e+00 1.05e+00  5e-01  1e+00 82:17.5
   13    325 1.556041731665292e-02 3.2e+00 8.78e-01  4e-01  9e-01 88:20.8
   14    350 5.508932634107555e-02 3.2e+00 8.03e-01  3e-01  9e-01 94:23.7
   15    375 3.697695365528819e-02 3.4e+00 7.84e-01  3e-01  8e-01 100:27.0
   16    400 3.545744543455176e-02 3.2e+00 6.42e-01  3e-01  7e-01 106:30.0
   17    425 2.053830357630382e-02 3.3e+00 5.52e-01  2e-01  5e-01 112:31.9
   18    450 1.327717074820411e-02 3.4e+00 4.91e-01  2e-01  4e-01 118:34.0
   19    475 1.837312298841653e-03 3.3e+00 5.18e-01  2e-01  4e-01 124:47.6
(4_w,8)-aCMA-ES (mu_w=2.6,w_1=52%) in dimension 4 (seed=323411, Tue Jul 13 02:09:35 2021)
Iterat #Fevals   function value  axis ratio  sigma  min&max std  t[m:s]
    1     25 5.532686803725317e-03 1.0e+00 1.81e+00  2e+00  2e+00 6:36.6
    2     50 8.735065128868647e-02 1.4e+00 2.03e+00  2e+00  3e+00 13:14.7
    3     75 1.594110646020260e-01 1.9e+00 1.82e+00  2e+00  2e+00 19:16.8
    4    100 2.126651291895355e-01 1.8e+00 1.65e+00  1e+00  2e+00 25:18.8
    5    125 2.182160930777167e-01 1.7e+00 1.45e+00  1e+00  2e+00 31:20.8
    6    150 5.371004026525306e-02 1.7e+00 1.13e+00  9e-01  1e+00 37:23.0
    7    175 4.590764840733108e-02 1.5e+00 9.86e-01  7e-01  8e-01 41:20.5
    8    200 2.502171102794715e-02 1.5e+00 1.10e+00  8e-01  1e+00 47:56.8
    9    225 1.827553966704987e-02 2.3e+00 8.95e-01  6e-01  9e-01 53:58.9
   10    250 5.223451926416045e-03 2.3e+00 7.57e-01  5e-01  7e-01 60:00.6
   11    275 2.244288823188167e-03 2.4e+00 6.54e-01  4e-01  7e-01 66:02.6
(4_w,8)-aCMA-ES (mu_w=2.6,w_1=52%) in dimension 4 (seed=214914, Tue Jul 13 03:16:44 2021)
Iterat #Fevals   function value  axis ratio  sigma  min&max std  t[m:s]
    1     25 3.696158533750060e-02 1.0e+00 1.64e+00  2e+00  2e+00 6:02.4
    2     50 1.617909151837349e-02 1.4e+00 1.66e+00  2e+00  2e+00 12:04.4
    3     75 3.456500380160010e-02 1.4e+00 1.53e+00  1e+00  2e+00 19:15.4
    4    100 2.797216016320991e-03 1.3e+00 1.35e+00  1e+00  1e+00 25:17.3
(4_w,8)-aCMA-ES (mu_w=2.6,w_1=52%) in dimension 4 (seed=269159, Tue Jul 13 03:45:36 2021)
Iterat #Fevals   function value  axis ratio  sigma  min&max std  t[m:s]
    1     25 2.923744212844046e-01 1.0e+00 1.35e+00  1e+00  1e+00 6:02.5
    2     50 1.920181772269324e-01 1.2e+00 1.12e+00  9e-01  1e+00 12:04.6
    3     75 1.358165938018389e-01 1.4e+00 9.47e-01  8e-01  9e-01 18:06.6
    4    100 8.376460212008396e-02 1.5e+00 7.67e-01  6e-01  7e-01 24:08.5
    5    125 2.798416181513774e-03 1.7e+00 7.06e-01  5e-01  7e-01 30:10.6
termination on ftarget=0.005
final/bestever f-value = 2.798416e-03 2.798416e-03
incumbent solution: [1.6197170870093593, 1.25783000078163, 5.61781833590332, 4.814909822368092]
std deviation: [0.5045762808835251, 0.6152137396596582, 0.5220342201328838, 0.6571452467952599]
CMAEvolutionStrategyResult(xbest=array([1.85180919, 0.98615398, 5.59706154, 4.81157662]), fbest=0.0027984161815137742, evals_best=122, evaluations=125, iterations=5, xfavorite=array([1.61971709, 1.25783   , 5.61781834, 4.81490982]), stds=array([0.50457628, 0.61521374, 0.52203422, 0.65714525]), stop={'ftarget': 0.005})
termination on ftarget=0.005
final/bestever f-value = 2.797216e-03 2.797216e-03
incumbent solution: [4.581084911144064, -1.1798074799361897, -0.11985266666471184, 6.438004657972745]
std deviation: [1.2625528307478537, 1.0838481357896117, 1.3782460562355414, 1.1519400897299183]
CMAEvolutionStrategyResult(xbest=array([ 5.79494005, -1.89081019, -1.01208907,  7.03069732]), fbest=0.0027972160163209914, evals_best=87, evaluations=100, iterations=4, xfavorite=array([ 4.58108491, -1.17980748, -0.11985267,  6.43800466]), stds=array([1.26255283, 1.08384814, 1.37824606, 1.15194009]), stop={'ftarget': 0.005})
termination on ftarget=0.005
final/bestever f-value = 2.244289e-03 2.244289e-03
incumbent solution: [-0.2360027968050019, 2.5587368554002334, -1.7306468859856767, 1.7461576903473548]
std deviation: [0.3976123129208127, 0.6585313191094881, 0.4048663843336075, 0.5800159890124922]
CMAEvolutionStrategyResult(xbest=array([-0.2013265 ,  1.99219472, -1.79223977,  2.39728846]), fbest=0.0022442888231881675, evals_best=266, evaluations=275, iterations=11, xfavorite=array([-0.2360028 ,  2.55873686, -1.73064689,  1.74615769]), stds=array([0.39761231, 0.65853132, 0.40486638, 0.58001599]), stop={'ftarget': 0.005})
termination on ftarget=0.005
final/bestever f-value = 1.837312e-03 1.837312e-03
incumbent solution: [8.17497151828923, -0.9996824591096468, 3.664814926242732, 3.54993288339089]
std deviation: [0.42035235344902383, 0.277003378786999, 0.2150997972544095, 0.26276829772994287]
CMAEvolutionStrategyResult(xbest=array([ 8.33137218, -0.93658296,  3.70400676,  3.63813857]), fbest=0.0018373122988416535, evals_best=451, evaluations=475, iterations=19, xfavorite=array([ 8.17497152, -0.99968246,  3.66481493,  3.54993288]), stds=array([0.42035235, 0.27700338, 0.2150998 , 0.2627683 ]), stop={'ftarget': 0.005})
termination on ftarget=0.005
final/bestever f-value = 1.397379e-03 1.397379e-03
incumbent solution: [0.6123747007737532, 5.055924217179331, 3.1652823027398385, 2.3806671433795312]
std deviation: [0.7387391985653661, 0.8572914844029448, 1.1444558312288142, 0.8536195170914573]
CMAEvolutionStrategyResult(xbest=array([0.68497882, 5.20625247, 3.39138212, 2.2651689 ]), fbest=0.0013973788565870837, evals_best=151, evaluations=175, iterations=7, xfavorite=array([0.6123747 , 5.05592422, 3.1652823 , 2.38066714]), stds=array([0.7387392 , 0.85729148, 1.14445583, 0.85361952]), stop={'ftarget': 0.005})
termination on ftarget=0.005
final/bestever f-value = 3.647571e-03 3.647571e-03
incumbent solution: [4.742190247621368, 3.8136724871791503, 2.271758937675266, -2.297466501243447]
std deviation: [0.27182147671001716, 0.3953748746467625, 0.3768760795004343, 0.44446478125870836]
CMAEvolutionStrategyResult(xbest=array([ 4.86482139,  3.38389372,  2.59126718, -2.12764799]), fbest=0.003647571448903486, evals_best=693, evaluations=700, iterations=28, xfavorite=array([ 4.74219025,  3.81367249,  2.27175894, -2.2974665 ]), stds=array([0.27182148, 0.39537487, 0.37687608, 0.44446478]), stop={'ftarget': 0.005})
termination on ftarget=0.005
final/bestever f-value = 2.952581e-03 2.952581e-03
incumbent solution: [0.5015681325772654, 8.302512477810241, 3.7860793669866655, 3.0845728117045743]
std deviation: [0.34708448704161343, 0.3057778452377175, 0.3399710768208835, 0.5026304578901939]
CMAEvolutionStrategyResult(xbest=array([0.38222687, 8.41618406, 3.76632783, 2.85570171]), fbest=0.0029525805312111686, evals_best=310, evaluations=325, iterations=13, xfavorite=array([0.50156813, 8.30251248, 3.78607937, 3.08457281]), stds=array([0.34708449, 0.30577785, 0.33997108, 0.50263046]), stop={'ftarget': 0.005})
termination on ftarget=0.005
final/bestever f-value = 1.769265e-03 1.769265e-03
incumbent solution: [4.873514768609849, 8.007717844856925, -1.3602165824203427, 2.285256430341244]
std deviation: [0.17013230248700367, 0.3168510683307171, 0.3082868314715917, 0.31585868764668157]
CMAEvolutionStrategyResult(xbest=array([ 4.7577446 ,  8.22544379, -1.18284919,  2.23990978]), fbest=0.0017692650658619469, evals_best=520, evaluations=525, iterations=21, xfavorite=array([ 4.87351477,  8.00771784, -1.36021658,  2.28525643]), stds=array([0.1701323 , 0.31685107, 0.30828683, 0.31585869]), stop={'ftarget': 0.005})
