(4_w,8)-aCMA-ES (mu_w=2.6,w_1=52%) in dimension 4 (seed=870543, Mon Jul 19 13:23:35 2021)
Iterat #Fevals   function value  axis ratio  sigma  min&max std  t[m:s]
    1     25 3.316005204044503e-01 1.0e+00 1.57e+00  1e+00  2e+00 5:50.8
    2     50 5.186144294048298e-01 1.3e+00 1.44e+00  1e+00  1e+00 10:48.0
    3     75 3.859732677466665e-01 1.2e+00 1.76e+00  2e+00  2e+00 15:23.0
    4    100 7.387329452866576e-02 1.6e+00 1.74e+00  2e+00  2e+00 21:54.2
    5    125 1.214033338999938e-01 2.0e+00 1.68e+00  1e+00  2e+00 36:46.7
    6    150 9.452315555997293e-02 2.3e+00 1.51e+00  1e+00  2e+00 43:18.2
    7    175 1.907071322616961e-01 2.5e+00 1.31e+00  1e+00  2e+00 49:49.7
    8    200 5.740556712549216e-02 2.6e+00 1.30e+00  1e+00  1e+00 81:22.5
    9    225 1.121391057312322e-01 2.4e+00 1.09e+00  8e-01  1e+00 87:52.4
   10    250 6.352586712834629e-02 2.3e+00 8.57e-01  6e-01  7e-01 94:21.4
   11    275 1.703016622618581e-02 2.2e+00 7.40e-01  5e-01  6e-01 100:50.8
   12    300 2.909833615024726e-03 2.1e+00 8.02e-01  6e-01  7e-01 107:21.1
(4_w,8)-aCMA-ES (mu_w=2.6,w_1=52%) in dimension 4 (seed=838990, Mon Jul 19 15:14:24 2021)
Iterat #Fevals   function value  axis ratio  sigma  min&max std  t[m:s]
    1     25 1.596503758297642e-01 1.0e+00 1.42e+00  1e+00  1e+00 6:45.9
    2     50 2.255873493059415e-01 1.3e+00 1.48e+00  1e+00  2e+00 14:56.2
    3     75 2.513458116522780e-01 1.6e+00 1.33e+00  1e+00  2e+00 22:14.7
    4    100 1.367314198105679e-01 1.9e+00 1.37e+00  1e+00  2e+00 29:19.7
    5    125 2.763281465052191e-01 1.9e+00 1.20e+00  9e-01  1e+00 39:17.3
    6    150 2.354907490206073e-01 2.1e+00 1.06e+00  8e-01  1e+00 46:01.7
    7    175 1.610679760626053e-01 2.0e+00 8.62e-01  6e-01  1e+00 55:57.3
    8    200 2.320265985378105e-01 2.3e+00 9.40e-01  6e-01  1e+00 62:44.9
    9    225 6.912298957762908e-02 2.3e+00 1.05e+00  7e-01  1e+00 70:03.4
   10    250 2.096651708101672e-01 2.8e+00 9.15e-01  6e-01  1e+00 76:50.6
   11    275 1.431226178873823e-01 2.8e+00 8.17e-01  5e-01  8e-01 84:34.0
   12    300 1.816443170969821e-01 3.0e+00 7.44e-01  5e-01  7e-01 91:35.9
   13    325 2.348591679284980e-01 3.5e+00 7.65e-01  5e-01  8e-01 98:27.5
   14    350 2.658410311762793e-01 3.9e+00 6.66e-01  4e-01  7e-01 105:15.1
   15    375 2.357928618304839e-01 3.8e+00 6.43e-01  4e-01  6e-01 112:02.1
   16    400 7.290267845031229e-02 3.4e+00 7.94e-01  5e-01  9e-01 118:52.6
   17    425 4.989794140067894e-02 4.5e+00 1.02e+00  7e-01  1e+00 137:38.3
   18    450 7.985182424882575e-02 6.8e+00 8.84e-01  6e-01  1e+00 147:27.7
   19    475 1.261379306954272e-01 6.4e+00 7.32e-01  5e-01  9e-01 159:16.4
   20    500 1.071847112567059e-02 6.9e+00 6.57e-01  4e-01  8e-01 166:41.7
   21    525 2.828698297093313e-03 7.6e+00 6.01e-01  4e-01  8e-01 173:28.5
(4_w,8)-aCMA-ES (mu_w=2.6,w_1=52%) in dimension 4 (seed=841251, Mon Jul 19 18:11:21 2021)
Iterat #Fevals   function value  axis ratio  sigma  min&max std  t[m:s]
    1     25 2.700514831103330e-01 1.0e+00 1.42e+00  1e+00  1e+00 6:46.8
    2     50 1.600379206219699e-01 1.2e+00 1.43e+00  1e+00  2e+00 13:31.9
    3     75 2.516802702300378e-01 1.5e+00 1.34e+00  1e+00  2e+00 20:32.2
    4    100 1.916639089785341e-01 1.6e+00 1.35e+00  9e-01  1e+00 27:58.9
    5    125 1.603270552659712e-01 1.9e+00 1.17e+00  7e-01  1e+00 35:19.6
    6    150 1.212680885838235e-01 2.0e+00 1.05e+00  7e-01  1e+00 42:06.1
    7    175 1.522517906855708e-01 1.9e+00 9.02e-01  5e-01  8e-01 48:53.3
    8    200 1.954206378955662e-01 2.1e+00 8.51e-01  5e-01  8e-01 63:35.3
    9    225 1.463058363814783e-01 2.3e+00 7.69e-01  4e-01  7e-01 70:24.1
   10    250 1.491218561476133e-01 2.1e+00 7.04e-01  4e-01  6e-01 77:10.6
   11    275 1.053864690537871e-01 2.3e+00 6.46e-01  4e-01  5e-01 83:58.6
   12    300 5.570259728907490e-02 2.3e+00 5.68e-01  3e-01  4e-01 90:47.0
   13    325 1.038062073068194e-01 2.2e+00 5.37e-01  3e-01  4e-01 98:25.1
   14    350 1.370324163292980e-02 2.1e+00 5.06e-01  3e-01  4e-01 105:13.0
   15    375 6.874353891167062e-02 2.1e+00 4.53e-01  2e-01  3e-01 111:57.8
   16    400 5.708118723419942e-02 2.0e+00 3.67e-01  2e-01  2e-01 119:25.6
   17    425 6.081461708222324e-03 2.0e+00 3.62e-01  2e-01  2e-01 126:12.5
   18    450 1.541214300164250e-01 1.9e+00 3.45e-01  2e-01  2e-01 133:00.6
   19    475 1.655893636536803e-01 1.9e+00 3.16e-01  1e-01  2e-01 139:47.9
   20    500 1.672620552877846e-02 2.0e+00 3.33e-01  2e-01  2e-01 146:34.6
   21    525 9.407378009658174e-02 2.1e+00 3.30e-01  1e-01  2e-01 153:20.1
   22    550 1.592921776525079e-01 2.2e+00 3.95e-01  2e-01  2e-01 160:05.9
   23    575 7.481127826738376e-04 2.3e+00 3.66e-01  1e-01  2e-01 167:51.6
(4_w,8)-aCMA-ES (mu_w=2.6,w_1=52%) in dimension 4 (seed=791971, Mon Jul 19 21:02:42 2021)
Iterat #Fevals   function value  axis ratio  sigma  min&max std  t[m:s]
    1     25 2.016186856731746e-01 1.0e+00 1.73e+00  2e+00  2e+00 6:47.7
    2     50 3.890343668769373e-01 1.5e+00 1.78e+00  2e+00  2e+00 17:31.6
    3     75 3.953678832573021e-01 1.5e+00 1.66e+00  1e+00  2e+00 24:18.2
    4    100 3.932401980897680e-01 1.7e+00 1.50e+00  1e+00  2e+00 31:17.1
    5    125 3.579334973258975e-01 2.0e+00 1.38e+00  1e+00  1e+00 38:04.6
    6    150 2.770070691046125e-01 2.1e+00 1.33e+00  1e+00  1e+00 44:52.8
    7    175 1.797266373114345e-01 2.3e+00 1.45e+00  1e+00  2e+00 52:36.5
    8    200 8.621863457112988e-02 2.6e+00 1.52e+00  1e+00  2e+00 59:32.3
    9    225 6.278273119131539e-03 3.0e+00 1.62e+00  1e+00  2e+00 66:20.4
   10    250 3.094181735020760e-01 2.8e+00 1.76e+00  1e+00  2e+00 73:30.3
   11    275 1.028784763674334e-01 2.4e+00 1.55e+00  1e+00  1e+00 80:18.4
   12    300 2.719808509166926e-01 2.3e+00 1.35e+00  9e-01  1e+00 87:04.7
   13    325 2.992200901281196e-01 2.5e+00 1.23e+00  8e-01  1e+00 93:49.5
   14    350 2.726681532711798e-01 2.5e+00 1.19e+00  7e-01  1e+00 100:36.1
   15    375 1.845135542880972e-01 2.2e+00 1.11e+00  6e-01  8e-01 107:22.6
   16    400 2.027232211276968e-01 1.9e+00 1.07e+00  6e-01  8e-01 116:02.9
   17    425 1.972396421109915e-01 2.1e+00 9.04e-01  5e-01  6e-01 124:09.4
   18    450 1.614112237889485e-01 2.1e+00 9.42e-01  4e-01  7e-01 131:59.6
   19    475 2.233404304140176e-01 2.3e+00 9.06e-01  4e-01  7e-01 141:06.0
   20    500 2.494477003861664e-01 2.7e+00 9.29e-01  4e-01  7e-01 148:38.5
termination on ftarget=0.005
final/bestever f-value = 7.481128e-04 7.481128e-04
incumbent solution: [1.10576446051606, 3.7251329807715794, 3.1039123042790973, -1.101914855211524]
std deviation: [0.1357409030582722, 0.16870410855176918, 0.2422291195491386, 0.20700306843663002]
CMAEvolutionStrategyResult(xbest=array([ 1.15398667,  3.61713586,  3.21548974, -1.06320782]), fbest=0.0007481127826738376, evals_best=564, evaluations=575, iterations=23, xfavorite=array([ 1.10576446,  3.72513298,  3.1039123 , -1.10191486]), stds=array([0.1357409 , 0.16870411, 0.24222912, 0.20700307]), stop={'ftarget': 0.005})
termination on ftarget=0.005
final/bestever f-value = 2.828698e-03 2.828698e-03
incumbent solution: [0.1102877532449077, 1.1012860990032343, 2.9080396558926926, 1.2616895181854673]
std deviation: [0.7757539021831156, 0.538970748438526, 0.35029272184495, 0.4813918497644002]
CMAEvolutionStrategyResult(xbest=array([-0.09877656,  1.19079732,  2.93032172,  0.99400928]), fbest=0.0028286982970933128, evals_best=510, evaluations=525, iterations=21, xfavorite=array([0.11028775, 1.1012861 , 2.90803966, 1.26168952]), stds=array([0.7757539 , 0.53897075, 0.35029272, 0.48139185]), stop={'ftarget': 0.005})
termination on ftarget=0.005
final/bestever f-value = 2.909834e-03 2.909834e-03
incumbent solution: [1.7569337686843518, 6.464857497720579, 1.3574085611452993, 7.617060307844081]
std deviation: [0.5837993192733442, 0.6590721882268654, 0.7091066098511609, 0.5539847422915493]
CMAEvolutionStrategyResult(xbest=array([1.5346153 , 5.82524359, 2.18041387, 7.86828425]), fbest=0.002909833615024726, evals_best=278, evaluations=300, iterations=12, xfavorite=array([1.75693377, 6.4648575 , 1.35740856, 7.61706031]), stds=array([0.58379932, 0.65907219, 0.70910661, 0.55398474]), stop={'ftarget': 0.005})
(4_w,8)-aCMA-ES (mu_w=2.6,w_1=52%) in dimension 4 (seed=849816, Mon Jul 19 23:45:59 2021)
Iterat #Fevals   function value  axis ratio  sigma  min&max std  t[m:s]
    1     25 2.901616500839749e-01 1.0e+00 1.65e+00  2e+00  2e+00 10:36.7
    2     50 2.181507387431968e-01 1.4e+00 1.53e+00  1e+00  2e+00 22:00.2
    3     75 2.404694871706802e-01 1.4e+00 1.62e+00  2e+00  2e+00 45:04.1
    4    100 2.229131701578153e-01 1.6e+00 1.43e+00  1e+00  2e+00 58:22.9
    5    125 7.773754985649617e-02 1.8e+00 1.35e+00  1e+00  1e+00 66:24.4
    6    150 1.393465320736744e-01 1.7e+00 1.36e+00  1e+00  1e+00 71:01.6
    7    175 2.880068959465897e-01 1.9e+00 1.46e+00  1e+00  2e+00 77:47.2
    8    200 2.932217294732057e-01 2.6e+00 1.44e+00  1e+00  2e+00 83:12.5
    9    225 1.940039180253218e-01 2.9e+00 1.27e+00  1e+00  1e+00 90:40.4
   10    250 1.877123550357647e-01 3.0e+00 1.03e+00  8e-01  1e+00 97:38.6
   11    275 1.706234620317211e-01 2.9e+00 9.23e-01  7e-01  9e-01 103:35.0
   12    300 9.296110061069007e-03 3.1e+00 7.95e-01  5e-01  8e-01 110:07.0
   13    325 2.315290051305072e-01 3.6e+00 8.24e-01  5e-01  8e-01 116:53.7
   14    350 2.666154744688135e-01 3.4e+00 7.77e-01  4e-01  7e-01 121:19.2
   15    375 1.601296395340507e-01 3.5e+00 8.24e-01  4e-01  9e-01 129:27.5
   16    400 2.542233748739564e-02 3.9e+00 7.18e-01  3e-01  7e-01 136:13.8
   17    425 5.110855483375754e-03 4.1e+00 6.73e-01  3e-01  7e-01 143:09.8
   18    450 6.459485182894176e-02 4.1e+00 5.48e-01  2e-01  5e-01 148:17.7
   19    475 3.649360006582480e-02 3.7e+00 4.63e-01  2e-01  4e-01 155:13.9
   20    500 3.331242903195086e-04 3.8e+00 3.94e-01  1e-01  3e-01 162:58.1
(4_w,8)-aCMA-ES (mu_w=2.6,w_1=52%) in dimension 4 (seed=886103, Tue Jul 20 02:29:47 2021)
Iterat #Fevals   function value  axis ratio  sigma  min&max std  t[m:s]
    1     25 3.594046745654261e-01 1.0e+00 1.69e+00  2e+00  2e+00 6:47.2
    2     50 4.039561127872949e-01 1.3e+00 1.53e+00  1e+00  2e+00 12:43.4
    3     75 3.639489882722033e-01 1.5e+00 1.37e+00  1e+00  2e+00 21:01.8
    4    100 2.703877317598112e-01 1.7e+00 1.28e+00  1e+00  2e+00 25:48.0
    5    125 3.154527150733486e-01 2.0e+00 1.65e+00  1e+00  2e+00 32:35.4
    6    150 2.139528891331284e-01 3.2e+00 2.13e+00  2e+00  3e+00 39:21.3
    7    175 1.950260005099621e-01 3.2e+00 2.13e+00  2e+00  3e+00 46:59.6
    8    200 2.872518132977411e-01 3.1e+00 2.07e+00  2e+00  3e+00 53:44.8
    9    225 1.787085730067794e-01 3.1e+00 2.26e+00  2e+00  3e+00 60:32.6
   10    250 3.295502607811707e-01 3.6e+00 2.28e+00  2e+00  3e+00 67:40.3
   11    275 3.619444729402708e-01 3.2e+00 2.05e+00  2e+00  2e+00 73:47.6
   12    300 3.061201106163016e-01 3.6e+00 1.87e+00  2e+00  2e+00 80:53.8
   13    325 1.683694110702968e-01 3.6e+00 1.70e+00  1e+00  2e+00 88:19.9
   14    350 1.804547982224060e-01 3.2e+00 1.34e+00  1e+00  1e+00 95:45.6
   15    375 2.406277571890366e-01 3.1e+00 1.09e+00  8e-01  1e+00 102:12.6
   16    400 2.756592187714758e-01 2.7e+00 9.92e-01  7e-01  8e-01 108:56.9
   17    425 1.895562780324231e-01 2.6e+00 9.02e-01  6e-01  7e-01 116:21.0
   18    450 8.920421832596404e-02 2.7e+00 9.56e-01  6e-01  8e-01 123:33.7
   19    475 4.912470886526121e-02 2.6e+00 8.31e-01  5e-01  6e-01 130:03.8
   20    500 8.060852619137693e-02 2.5e+00 8.20e-01  5e-01  6e-01 137:14.2
   21    525 1.114541539928293e-01 2.7e+00 6.88e-01  4e-01  5e-01 144:13.0
   22    550 7.933544842295781e-02 2.6e+00 5.62e-01  3e-01  4e-01 150:58.2
   23    575 2.020998484791980e-03 2.9e+00 5.21e-01  3e-01  4e-01 157:44.0
(4_w,8)-aCMA-ES (mu_w=2.6,w_1=52%) in dimension 4 (seed=866280, Tue Jul 20 05:10:58 2021)
Iterat #Fevals   function value  axis ratio  sigma  min&max std  t[m:s]
    1     25 3.568209649411904e-01 1.0e+00 1.46e+00  1e+00  2e+00 7:09.4
    2     50 2.916762818007995e-01 1.3e+00 1.67e+00  1e+00  2e+00 14:28.2
    3     75 1.131016666112359e-01 1.7e+00 1.78e+00  1e+00  2e+00 20:36.8
    4    100 1.656759754167791e-01 1.8e+00 1.74e+00  1e+00  2e+00 30:17.1
    5    125 3.285698871245526e-01 2.1e+00 1.55e+00  1e+00  2e+00 37:01.6
    6    150 1.942377435806171e-01 2.2e+00 1.40e+00  9e-01  2e+00 43:47.2
    7    175 1.627617088752019e-01 2.4e+00 1.63e+00  1e+00  2e+00 51:13.4
    8    200 7.243816866656294e-02 2.6e+00 1.64e+00  1e+00  2e+00 55:52.2
    9    225 8.936277714999175e-02 2.5e+00 1.38e+00  1e+00  2e+00 60:28.2
   10    250 7.947083180110148e-02 2.7e+00 1.20e+00  8e-01  1e+00 67:09.7
   11    275 1.298342673238062e-02 2.3e+00 1.14e+00  7e-01  1e+00 71:50.7
   12    300 1.487163253894408e-01 2.9e+00 9.51e-01  5e-01  1e+00 76:34.2
   13    325 4.636267591153431e-02 3.1e+00 8.76e-01  5e-01  9e-01 83:50.7
   14    350 1.118478649189155e-01 3.2e+00 8.59e-01  5e-01  8e-01 132:24.5
   15    375 9.813501008353409e-02 3.2e+00 9.27e-01  5e-01  1e+00 151:26.8
   16    400 7.980348173275342e-02 3.6e+00 9.72e-01  5e-01  1e+00 158:24.0
   17    425 5.841483539342596e-02 3.8e+00 1.02e+00  6e-01  1e+00 162:41.5
   18    450 1.042049645805746e-01 4.8e+00 9.04e-01  5e-01  1e+00 167:24.9
   19    475 1.284869896554802e-01 4.3e+00 9.79e-01  5e-01  1e+00 181:01.2
   20    500 8.907265052019431e-02 4.8e+00 8.78e-01  4e-01  9e-01 195:40.8
   21    525 8.427289459801734e-02 4.7e+00 7.26e-01  4e-01  7e-01 210:19.3
   22    550 7.680318453898849e-02 5.4e+00 6.54e-01  3e-01  6e-01 235:26.2
   23    575 1.768770245104107e-01 6.3e+00 6.45e-01  3e-01  6e-01 577:41.0
   24    600 1.876875921067255e-01 6.5e+00 5.25e-01  3e-01  5e-01 590:49.4
   25    625 2.479178520224067e-01 6.3e+00 5.76e-01  3e-01  5e-01 611:17.1
termination on ftarget=0.005
final/bestever f-value = 2.020998e-03 2.020998e-03
incumbent solution: [-2.3085750944498122, 6.9794488568762745, -2.372628056221207, 10.785665141987032]
std deviation: [0.35636962213533113, 0.33889018465630416, 0.38584965376354885, 0.26507184433549075]
CMAEvolutionStrategyResult(xbest=array([-2.01587589,  7.54440728, -3.05901365, 10.75473266]), fbest=0.0020209984847919804, evals_best=574, evaluations=575, iterations=23, xfavorite=array([-2.30857509,  6.97944886, -2.37262806, 10.78566514]), stds=array([0.35636962, 0.33889018, 0.38584965, 0.26507184]), stop={'ftarget': 0.005})
termination on ftarget=0.005
final/bestever f-value = 3.331243e-04 3.331243e-04
incumbent solution: [4.651572187599183, 2.382148083528316, 7.034089227651824, 8.779781206962202]
std deviation: [0.14170290642299105, 0.2671375413544904, 0.26501764737329814, 0.3279783718934348]
CMAEvolutionStrategyResult(xbest=array([4.58986901, 2.52333889, 6.91384348, 8.89317215]), fbest=0.00033312429031950863, evals_best=490, evaluations=500, iterations=20, xfavorite=array([4.65157219, 2.38214808, 7.03408923, 8.77978121]), stds=array([0.14170291, 0.26713754, 0.26501765, 0.32797837]), stop={'ftarget': 0.005})
(4_w,8)-aCMA-ES (mu_w=2.6,w_1=52%) in dimension 4 (seed=156422, Fri Jul 23 10:26:06 2021)
Iterat #Fevals   function value  axis ratio  sigma  min&max std  t[m:s]
    1     25 1.797832589688002e-01 1.0e+00 1.91e+00  2e+00  2e+00 7:13.4
    2     50 3.992355439824085e-01 1.3e+00 1.93e+00  2e+00  2e+00 33:24.1
    3     75 2.627606249985399e-01 1.4e+00 1.98e+00  2e+00  2e+00 59:47.6
    4    100 2.475501226234886e-01 1.5e+00 1.97e+00  2e+00  2e+00 79:14.7
    5    125 2.630821176036923e-01 1.8e+00 1.80e+00  1e+00  2e+00 84:11.9
    6    150 3.317033635750725e-01 2.0e+00 1.67e+00  1e+00  2e+00 113:16.3
    7    175 7.607441274357796e-02 2.2e+00 1.76e+00  1e+00  2e+00 141:14.4
    8    200 3.309862856449459e-01 2.7e+00 1.71e+00  1e+00  2e+00 159:05.1
    9    225 3.092450180757266e-01 2.5e+00 1.50e+00  1e+00  2e+00 167:24.0
   10    250 2.341360830341062e-01 2.5e+00 1.34e+00  9e-01  2e+00 175:12.5
   11    275 1.112145317201521e-01 2.5e+00 1.18e+00  8e-01  1e+00 186:33.3
   12    300 1.041013263259778e-01 2.5e+00 1.03e+00  6e-01  1e+00 196:10.1
   13    325 1.257687693288575e-01 2.5e+00 1.04e+00  6e-01  1e+00 205:32.2
   14    350 8.149039073985564e-02 2.4e+00 1.09e+00  7e-01  1e+00 212:30.6
   15    375 9.909477154236868e-02 2.4e+00 9.42e-01  5e-01  9e-01 219:53.4
   16    400 1.189826468221676e-01 2.5e+00 7.66e-01  4e-01  7e-01 226:52.7
   17    425 1.391096867018161e-01 2.6e+00 6.13e-01  3e-01  5e-01 233:58.6
   18    450 5.137559100764177e-02 2.7e+00 5.30e-01  3e-01  4e-01 242:24.6
   19    475 1.653971143176902e-02 2.8e+00 4.56e-01  2e-01  3e-01 250:20.4
   20    500 2.391297963393724e-02 2.9e+00 4.76e-01  3e-01  3e-01 257:38.2
   21    525 8.246699458576190e-02 3.1e+00 4.56e-01  2e-01  3e-01 264:37.1
   22    550 2.220223293961516e-01 3.1e+00 4.63e-01  2e-01  3e-01 274:10.0
   23    575 3.932140270949624e-02 3.6e+00 5.78e-01  3e-01  5e-01 281:55.4
   24    600 1.544044222683580e-01 4.9e+00 6.25e-01  3e-01  5e-01 291:08.5
   25    625 1.648141580964483e-01 5.3e+00 6.48e-01  3e-01  5e-01 300:11.3
   26    650 2.088137374730310e-01 5.4e+00 6.84e-01  4e-01  6e-01 314:53.6
   27    675 1.708782819687436e-01 6.1e+00 6.42e-01  4e-01  5e-01 327:08.9
   28    700 1.288059632170020e-01 6.0e+00 5.91e-01  3e-01  4e-01 337:58.1
   29    725 2.712776962345614e-01 5.4e+00 4.92e-01  2e-01  4e-01 346:48.6
(4_w,8)-aCMA-ES (mu_w=2.6,w_1=52%) in dimension 4 (seed=145405, Fri Jul 23 16:21:30 2021)
Iterat #Fevals   function value  axis ratio  sigma  min&max std  t[m:s]
    1     25 2.587032219607750e-01 1.0e+00 1.33e+00  1e+00  1e+00 11:29.6
    2     50 1.585222308961445e-01 1.2e+00 1.29e+00  1e+00  1e+00 24:44.9
    3     75 1.824301318649876e-01 1.3e+00 1.10e+00  9e-01  1e+00 36:24.9
    4    100 2.336400437755667e-01 1.5e+00 1.10e+00  9e-01  1e+00 49:29.2
    5    125 1.995839818585444e-01 1.7e+00 9.37e-01  7e-01  9e-01 61:02.5
    6    150 1.518496656903195e-01 1.9e+00 9.40e-01  7e-01  9e-01 72:31.8
    7    175 2.218252330701499e-01 2.3e+00 8.43e-01  6e-01  8e-01 85:55.1
    8    200 2.761304271094889e-03 2.3e+00 8.69e-01  7e-01  9e-01 97:26.6
(4_w,8)-aCMA-ES (mu_w=2.6,w_1=52%) in dimension 4 (seed=165100, Fri Jul 23 18:07:01 2021)
(4_w,8)-aCMA-ES (mu_w=2.6,w_1=52%) in dimension 4 (seed=121500, Fri Jul 23 18:11:28 2021)
termination on ftarget=0.005
final/bestever f-value = 2.761304e-03 2.761304e-03
incumbent solution: [-1.7932371071024058, 6.167390948520858, -0.5231222675270875, -0.9209689911991557]
std deviation: [0.8526892946105633, 0.694990486936729, 0.7469530253858863, 0.740779519510871]
CMAEvolutionStrategyResult(xbest=array([-1.68951123,  6.5452918 , -1.378012  , -1.09873135]), fbest=0.0027613042710948887, evals_best=196, evaluations=200, iterations=8, xfavorite=array([-1.79323711,  6.16739095, -0.52312227, -0.92096899]), stds=array([0.85268929, 0.69499049, 0.74695303, 0.74077952]), stop={'ftarget': 0.005})
(4_w,8)-aCMA-ES (mu_w=2.6,w_1=52%) in dimension 4 (seed=125652, Fri Jul 23 18:20:08 2021)
Iterat #Fevals   function value  axis ratio  sigma  min&max std  t[m:s]
    1     25 1.849798577812058e-01 1.0e+00 1.27e+00  1e+00  1e+00 11:33.1
    2     50 2.472605936861683e-01 1.2e+00 1.08e+00  9e-01  1e+00 27:32.4
    3     75 2.363287601102914e-01 1.2e+00 1.08e+00  9e-01  1e+00 48:56.7
    4    100 1.755728634107087e-01 1.6e+00 9.33e-01  7e-01  9e-01 61:56.4
    5    125 1.636793826578171e-01 1.9e+00 1.01e+00  7e-01  1e+00 74:18.7
    6    150 1.627203140934279e-01 1.8e+00 9.47e-01  6e-01  1e+00 85:55.9
    7    175 4.654685816336290e-02 2.0e+00 9.69e-01  5e-01  1e+00 98:46.2
    8    200 1.691974139030397e-01 2.4e+00 9.51e-01  5e-01  1e+00 111:20.9
    9    225 3.097575743705313e-01 2.5e+00 9.40e-01  5e-01  1e+00 123:07.4
   10    250 2.462469602923612e-02 2.7e+00 8.96e-01  4e-01  1e+00 135:17.9
   11    275 5.318304052620670e-02 2.9e+00 7.83e-01  3e-01  9e-01 146:41.6
   12    300 1.297896224235825e-01 3.2e+00 6.74e-01  3e-01  8e-01 159:01.8
   13    325 2.013699874074020e-01 3.7e+00 5.49e-01  2e-01  6e-01 171:09.2
   14    350 2.430166657136386e-01 3.9e+00 6.85e-01  2e-01  9e-01 182:32.8
   15    375 2.239695393635285e-01 5.1e+00 6.43e-01  2e-01  8e-01 193:44.5
   16    400 3.004771263515094e-02 4.7e+00 6.90e-01  2e-01  8e-01 205:03.7
   17    425 4.916158638475943e-03 4.6e+00 5.89e-01  2e-01  7e-01 216:50.1
(4_w,8)-aCMA-ES (mu_w=2.6,w_1=52%) in dimension 4 (seed=254988, Fri Jul 23 22:05:30 2021)
Iterat #Fevals   function value  axis ratio  sigma  min&max std  t[m:s]
    1     25 1.990132652517205e-01 1.0e+00 1.30e+00  1e+00  1e+00 7:27.0
    2     50 2.045099520719934e-01 1.2e+00 1.22e+00  1e+00  1e+00 18:38.2
    3     75 3.773430647184473e-02 1.4e+00 1.07e+00  9e-01  1e+00 30:13.7
    4    100 9.747354419885546e-02 1.4e+00 9.55e-01  8e-01  9e-01 41:26.1
    5    125 4.441227117053270e-02 1.5e+00 8.35e-01  7e-01  7e-01 53:12.4
    6    150 3.666261368669543e-02 1.4e+00 7.01e-01  5e-01  6e-01 67:37.7
    7    175 8.830163496829857e-03 1.6e+00 6.35e-01  4e-01  6e-01 81:56.6
    8    200 1.296351696462524e-01 1.8e+00 5.74e-01  3e-01  5e-01 97:04.1
    9    225 1.634858970131149e-01 1.8e+00 5.23e-01  3e-01  4e-01 113:42.0
   10    250 7.186818715509913e-02 1.9e+00 4.63e-01  3e-01  4e-01 129:35.6
   11    275 1.443834870999108e-01 2.1e+00 3.86e-01  2e-01  3e-01 142:23.4
   12    300 1.999011021444197e-02 2.2e+00 4.19e-01  2e-01  4e-01 149:47.5
   13    325 3.760447282168111e-02 2.4e+00 4.75e-01  3e-01  5e-01 157:21.7
   14    350 5.106282293796505e-02 2.6e+00 5.21e-01  3e-01  5e-01 164:55.8
   15    375 1.344085086849800e-03 2.4e+00 4.56e-01  2e-01  4e-01 172:54.5
(4_w,8)-aCMA-ES (mu_w=2.6,w_1=52%) in dimension 4 (seed=273721, Sat Jul 24 01:03:22 2021)
Iterat #Fevals   function value  axis ratio  sigma  min&max std  t[m:s]
    1     25 2.604742170801794e-01 1.0e+00 1.50e+00  1e+00  2e+00 11:57.2
    2     50 3.141872253032949e-01 1.3e+00 1.45e+00  1e+00  2e+00 22:56.8
    3     75 2.533831780533305e-01 1.7e+00 1.48e+00  1e+00  2e+00 30:55.3
    4    100 4.164134155893990e-01 1.7e+00 1.40e+00  1e+00  2e+00 38:18.9
    5    125 3.678380968852264e-01 2.0e+00 1.54e+00  1e+00  2e+00 45:43.9
    6    150 4.294105676774013e-01 2.7e+00 1.48e+00  1e+00  2e+00 53:04.6
    7    175 3.292449349251847e-01 2.9e+00 1.29e+00  9e-01  2e+00 60:28.8
    8    200 2.903147536583449e-01 3.0e+00 1.23e+00  7e-01  2e+00 67:50.3
    9    225 1.873872183867997e-01 3.0e+00 1.24e+00  8e-01  1e+00 75:14.8
   10    250 1.338644934087185e-02 2.8e+00 1.08e+00  6e-01  1e+00 82:58.1
   11    275 1.859743738055930e-02 2.9e+00 1.00e+00  6e-01  1e+00 91:14.9
   12    300 6.632454532111753e-02 2.8e+00 9.50e-01  6e-01  1e+00 98:40.1
   13    325 6.455832239561266e-02 3.2e+00 9.42e-01  5e-01  1e+00 106:25.2
   14    350 1.597595096711434e-01 3.1e+00 9.77e-01  6e-01  1e+00 113:48.5
   15    375 4.329229369023946e-02 3.3e+00 8.98e-01  5e-01  1e+00 121:28.9
   16    400 1.397238255665112e-02 3.5e+00 9.44e-01  5e-01  1e+00 128:54.3
   17    425 7.344871892418725e-03 4.6e+00 8.58e-01  4e-01  1e+00 136:22.6
   18    450 4.347527000660545e-03 4.8e+00 8.00e-01  4e-01  1e+00 144:41.2
(4_w,8)-aCMA-ES (mu_w=2.6,w_1=52%) in dimension 4 (seed=263446, Sat Jul 24 03:33:28 2021)
Iterat #Fevals   function value  axis ratio  sigma  min&max std  t[m:s]
    1     25 1.088937361660445e-01 1.0e+00 1.41e+00  1e+00  1e+00 7:26.5
    2     50 2.808777677394840e-01 1.2e+00 1.15e+00  1e+00  1e+00 16:01.9
    3     75 2.196676703218701e-01 1.3e+00 1.12e+00  9e-01  1e+00 23:29.4
    4    100 1.303823845589597e-01 1.6e+00 1.06e+00  9e-01  1e+00 30:54.1
    5    125 1.921439402870132e-01 1.8e+00 1.07e+00  8e-01  1e+00 38:19.7
    6    150 1.643644829705172e-01 2.0e+00 1.01e+00  7e-01  1e+00 45:45.4
    7    175 7.053508523559715e-02 2.1e+00 9.14e-01  6e-01  1e+00 53:28.7
    8    200 5.598370834235267e-02 2.5e+00 8.21e-01  5e-01  9e-01 60:55.1
    9    225 4.425555892699773e-04 2.6e+00 6.68e-01  4e-01  7e-01 68:32.8
(4_w,8)-aCMA-ES (mu_w=2.6,w_1=52%) in dimension 4 (seed=157725, Sat Jul 24 04:47:44 2021)
Iterat #Fevals   function value  axis ratio  sigma  min&max std  t[m:s]
    1     25 4.016320249746523e-01 1.0e+00 1.60e+00  2e+00  2e+00 7:26.9
    2     50 1.412478139975503e-01 1.5e+00 1.58e+00  2e+00  2e+00 14:51.3
    3     75 2.117762179618667e-01 1.5e+00 1.65e+00  2e+00  2e+00 22:20.1
    4    100 2.700439624122821e-01 1.8e+00 1.64e+00  2e+00  2e+00 30:01.5
    5    125 1.747911020196011e-01 2.0e+00 1.80e+00  2e+00  2e+00 50:49.2
    6    150 1.699112389154070e-01 2.3e+00 1.82e+00  2e+00  2e+00 74:42.5
    7    175 1.870135527517193e-01 2.8e+00 1.76e+00  2e+00  2e+00 95:02.5
    8    200 9.998371879223089e-02 3.6e+00 1.69e+00  2e+00  2e+00 102:34.6
    9    225 1.490431160776980e-01 4.5e+00 1.53e+00  2e+00  2e+00 109:30.4
   10    250 3.071407435152674e-01 4.7e+00 1.57e+00  2e+00  2e+00 116:44.9
   11    275 2.696183879277836e-02 4.5e+00 1.39e+00  1e+00  2e+00 124:27.8
   12    300 1.467458050524868e-01 4.7e+00 1.46e+00  1e+00  2e+00 132:07.3
   13    325 2.022970410792116e-01 5.5e+00 1.54e+00  2e+00  2e+00 139:15.0
   14    350 8.826006302111455e-02 6.5e+00 1.27e+00  1e+00  2e+00 146:32.6
   15    375 2.034462187677686e-01 5.8e+00 9.98e-01  9e-01  1e+00 172:15.0
   16    400 1.075632250066932e-01 5.8e+00 9.12e-01  8e-01  1e+00 198:01.9
   17    425 4.610381658837537e-03 5.9e+00 8.42e-01  8e-01  1e+00 218:57.9
termination on ftarget=0.005
final/bestever f-value = 4.610382e-03 4.610382e-03
incumbent solution: [7.486556420491193, 4.4997229081654275, -3.6759743728671492, 4.831743721541449]
std deviation: [0.7729578048272452, 1.0985306813515814, 0.870411839335088, 0.9140384013996066]
CMAEvolutionStrategyResult(xbest=array([ 7.85324495,  3.80157836, -4.21023255,  5.53782681]), fbest=0.004610381658837537, evals_best=425, evaluations=425, iterations=17, xfavorite=array([ 7.48655642,  4.49972291, -3.67597437,  4.83174372]), stds=array([0.7729578 , 1.09853068, 0.87041184, 0.9140384 ]), stop={'ftarget': 0.005})
termination on ftarget=0.005
final/bestever f-value = 4.425556e-04 4.425556e-04
incumbent solution: [4.488570816954748, 1.2498976260512482, 3.342492557481131, 1.9528812677092042]
std deviation: [0.516956716457745, 0.385919003319975, 0.6775609366678536, 0.39336863967365576]
CMAEvolutionStrategyResult(xbest=array([4.66822034, 1.03422705, 3.35082764, 1.86644517]), fbest=0.0004425555892699773, evals_best=208, evaluations=225, iterations=9, xfavorite=array([4.48857082, 1.24989763, 3.34249256, 1.95288127]), stds=array([0.51695672, 0.385919  , 0.67756094, 0.39336864]), stop={'ftarget': 0.005})
termination on ftarget=0.005
final/bestever f-value = 4.347527e-03 4.347527e-03
incumbent solution: [-0.626223425623617, 6.175147678905314, 3.103373903542158, 2.1298910781917524]
std deviation: [1.1234624718725175, 0.4652458521262555, 0.363352344269991, 0.4625169809821811]
CMAEvolutionStrategyResult(xbest=array([-1.07120535,  6.35528704,  3.34367516,  1.92520343]), fbest=0.004347527000660545, evals_best=430, evaluations=450, iterations=18, xfavorite=array([-0.62622343,  6.17514768,  3.1033739 ,  2.12989108]), stds=array([1.12346247, 0.46524585, 0.36335234, 0.46251698]), stop={'ftarget': 0.005})
termination on ftarget=0.005
final/bestever f-value = 1.344085e-03 1.344085e-03
incumbent solution: [2.327765055830471, 5.953201968556296, 2.07489566266026, 1.2003505771693566]
std deviation: [0.3789247044990486, 0.26515866931971394, 0.2753570157482651, 0.2234708000929227]
CMAEvolutionStrategyResult(xbest=array([2.41755204, 5.82567156, 2.05231722, 1.29372274]), fbest=0.0013440850868498, evals_best=353, evaluations=375, iterations=15, xfavorite=array([2.32776506, 5.95320197, 2.07489566, 1.20035058]), stds=array([0.3789247 , 0.26515867, 0.27535702, 0.2234708 ]), stop={'ftarget': 0.005})
termination on ftarget=0.005
final/bestever f-value = 4.916159e-03 4.916159e-03
incumbent solution: [3.260517056365844, 0.4752956623930113, -0.8403993262320372, 5.408287599940078]
std deviation: [0.6989923566761636, 0.18987950944702936, 0.47675777555217413, 0.46623331954081804]
CMAEvolutionStrategyResult(xbest=array([ 3.70707567,  0.50010446, -1.07672167,  5.6219409 ]), fbest=0.004916158638475943, evals_best=422, evaluations=425, iterations=17, xfavorite=array([ 3.26051706,  0.47529566, -0.84039933,  5.4082876 ]), stds=array([0.69899236, 0.18987951, 0.47675778, 0.46623332]), stop={'ftarget': 0.005})
(4_w,8)-aCMA-ES (mu_w=2.6,w_1=52%) in dimension 4 (seed=152994, Thu Feb 17 10:29:01 2022)
(4_w,8)-aCMA-ES (mu_w=2.6,w_1=52%) in dimension 4 (seed=145447, Thu Feb 17 10:30:00 2022)
(4_w,8)-aCMA-ES (mu_w=2.6,w_1=52%) in dimension 4 (seed=240994, Thu Feb 17 10:40:59 2022)
(4_w,8)-aCMA-ES (mu_w=2.6,w_1=52%) in dimension 4 (seed=214929, Thu Feb 17 11:17:43 2022)
Iterat #Fevals   function value  axis ratio  sigma  min&max std  t[m:s]
    1     50 1.154132386109405e-01 1.0e+00 1.40e+00  1e+00  1e+00 31:12.4
(4_w,8)-aCMA-ES (mu_w=2.6,w_1=52%) in dimension 4 (seed=301989, Thu Feb 17 12:41:17 2022)
Iterat #Fevals   function value  axis ratio  sigma  min&max std  t[m:s]
    1     25 1.143129547422153e-01 1.0e+00 1.38e+00  1e+00  1e+00 40:49.8
    2     50 1.141472369079167e-01 1.3e+00 1.35e+00  1e+00  1e+00 67:28.0
    3     75 5.588212084712463e-02 1.3e+00 1.36e+00  1e+00  2e+00 79:47.7
(4_w,8)-aCMA-ES (mu_w=2.6,w_1=52%) in dimension 4 (seed=343552, Sat Feb 19 00:35:28 2022)
(4_w,8)-aCMA-ES (mu_w=2.6,w_1=52%) in dimension 4 (seed=323102, Sat Feb 19 00:36:08 2022)
Iterat #Fevals   function value  axis ratio  sigma  min&max std  t[m:s]
    1     25 7.560042629962505e-02 1.0e+00 1.29e+00  1e+00  1e+00 8:00.5
    2     50 4.874984721128761e-02 1.2e+00 1.14e+00  9e-01  1e+00 16:01.3
    3     75 2.715607204127346e-02 1.3e+00 9.78e-01  7e-01  9e-01 24:10.8
    4    100 5.262218120688733e-02 1.5e+00 8.25e-01  6e-01  8e-01 36:40.5
    5    125 1.963576024086244e-02 1.6e+00 7.43e-01  5e-01  6e-01 44:41.1
    6    150 5.438617457885941e-02 1.7e+00 6.73e-01  5e-01  6e-01 52:40.6
    7    175 3.886823601079126e-02 1.9e+00 6.00e-01  4e-01  5e-01 60:41.3
    8    200 9.552270951889152e-03 2.0e+00 5.38e-01  3e-01  4e-01 68:41.2
    9    225 1.391329032592614e-02 2.3e+00 4.52e-01  3e-01  4e-01 221:06.2
   10    250 1.537308102600454e-02 2.4e+00 3.89e-01  2e-01  3e-01 229:22.8
   11    275 5.365693077414502e-02 2.5e+00 4.00e-01  2e-01  3e-01 237:22.8
   12    300 4.748028850376929e-02 2.8e+00 4.11e-01  2e-01  4e-01 245:31.8
   13    325 4.732883180611602e-02 3.3e+00 4.57e-01  2e-01  5e-01 253:32.0
   14    350 2.962798122032773e-02 4.3e+00 5.23e-01  2e-01  5e-01 261:42.3
   15    375 7.675736718848802e-03 5.5e+00 4.36e-01  2e-01  4e-01 269:42.7
   16    400 1.418173852766547e-03 5.4e+00 4.50e-01  2e-01  4e-01 278:02.2
(4_w,8)-aCMA-ES (mu_w=2.6,w_1=52%) in dimension 4 (seed=319668, Sat Feb 19 05:14:26 2022)
Iterat #Fevals   function value  axis ratio  sigma  min&max std  t[m:s]
    1     25 3.309707616304158e-02 1.0e+00 1.36e+00  1e+00  1e+00 8:25.9
    2     50 1.216850220504074e-01 1.3e+00 1.33e+00  1e+00  1e+00 16:54.4
    3     75 1.190782951320093e-01 1.5e+00 1.41e+00  1e+00  2e+00 25:25.4
    4    100 1.396243752326065e-01 1.7e+00 1.38e+00  1e+00  1e+00 33:56.0
    5    125 6.998827393830154e-02 1.7e+00 1.38e+00  1e+00  2e+00 42:24.9
    6    150 7.713884166171392e-02 1.8e+00 1.11e+00  9e-01  1e+00 50:55.6
    7    175 7.631175909011867e-02 1.8e+00 9.77e-01  7e-01  1e+00 59:56.8
    8    200 1.326728845670796e-01 2.0e+00 8.17e-01  6e-01  8e-01 68:25.0
    9    225 6.682118817157545e-02 2.2e+00 7.41e-01  5e-01  7e-01 76:56.0
   10    250 4.426914389308911e-02 2.1e+00 6.51e-01  4e-01  6e-01 85:25.9
   11    275 6.382429934418099e-02 2.1e+00 5.60e-01  3e-01  4e-01 93:55.9
   12    300 5.104817546949236e-02 1.8e+00 5.84e-01  3e-01  5e-01 102:32.7
   13    325 8.109624957966377e-02 2.5e+00 5.95e-01  4e-01  5e-01 111:06.2
   14    350 1.072879399751393e-01 2.7e+00 5.44e-01  3e-01  4e-01 120:06.4
   15    375 7.039776018538280e-02 2.7e+00 5.59e-01  4e-01  4e-01 128:36.4
   16    400 5.509355576992292e-02 2.6e+00 5.60e-01  3e-01  5e-01 137:16.1
(4_w,8)-aCMA-ES (mu_w=2.6,w_1=52%) in dimension 4 (seed=374094, Sat Feb 19 08:15:16 2022)
Iterat #Fevals   function value  axis ratio  sigma  min&max std  t[m:s]
    1     25 1.684292130500901e-01 1.0e+00 1.54e+00  1e+00  2e+00 81:05.3
    2     50 4.848434463164908e-02 1.2e+00 1.33e+00  1e+00  1e+00 590:47.5
    3     75 2.236905929426198e-01 1.4e+00 1.28e+00  9e-01  1e+00 625:59.9
    4    100 1.242771138451738e-01 1.8e+00 1.13e+00  8e-01  1e+00 670:32.3
    5    125 1.328800857541441e-01 1.8e+00 8.95e-01  6e-01  8e-01 745:13.3
    6    150 3.808896554148455e-02 1.9e+00 7.87e-01  5e-01  7e-01 850:48.5
    7    175 3.970335314316720e-02 2.1e+00 7.43e-01  5e-01  7e-01 874:47.5
    8    200 2.987881254224878e-02 2.2e+00 6.15e-01  4e-01  6e-01 892:37.2
    9    225 4.417620971717107e-02 2.4e+00 5.04e-01  3e-01  5e-01 959:25.2
   10    250 3.963297950106026e-02 2.8e+00 4.60e-01  3e-01  4e-01 979:22.1
   11    275 3.771750308919153e-02 3.1e+00 4.16e-01  3e-01  4e-01 997:45.1
   12    300 2.402688114911911e-02 2.9e+00 4.41e-01  3e-01  4e-01 1012:53.2
   13    325 3.402205049026674e-02 3.3e+00 3.63e-01  2e-01  3e-01 1030:17.0
   14    350 2.102517080791522e-02 3.1e+00 3.45e-01  2e-01  3e-01 1045:42.1
(4_w,8)-aCMA-ES (mu_w=2.6,w_1=52%) in dimension 4 (seed=434053, Sun Feb 20 05:59:33 2022)
Iterat #Fevals   function value  axis ratio  sigma  min&max std  t[m:s]
    1     25 9.522844749497239e-02 1.0e+00 1.53e+00  1e+00  2e+00 233:06.9
    2     50 1.631433266011666e-01 1.1e+00 1.40e+00  1e+00  1e+00 241:27.7
    3     75 2.253003792039723e-01 1.2e+00 1.32e+00  1e+00  1e+00 251:27.3
    4    100 6.489971058113952e-02 1.3e+00 1.07e+00  8e-01  1e+00 259:48.2
    5    125 1.105194042460260e-01 1.5e+00 8.64e-01  6e-01  9e-01 268:08.0
    6    150 7.473869175030434e-02 1.7e+00 7.04e-01  5e-01  7e-01 276:29.2
    7    175 1.129985546373136e-02 1.9e+00 6.32e-01  4e-01  6e-01 284:47.8
    8    200 2.925445656146242e-02 2.0e+00 5.42e-01  3e-01  5e-01 293:48.0
    9    225 7.735848920805177e-02 2.1e+00 5.34e-01  3e-01  4e-01 302:18.7
   10    250 9.236853461648820e-02 2.3e+00 4.52e-01  3e-01  4e-01 311:47.4
   11    275 5.503862971433771e-02 2.7e+00 4.18e-01  3e-01  3e-01 744:30.3
   12    300 8.586719084001881e-03 2.8e+00 3.69e-01  2e-01  3e-01 759:31.4
   13    325 2.286046791642271e-02 2.9e+00 3.09e-01  2e-01  2e-01 778:39.3
   14    350 1.661466238015963e-02 3.0e+00 3.84e-01  2e-01  3e-01 797:27.9
   15    375 2.227719839361830e-02 2.5e+00 3.90e-01  2e-01  3e-01 812:31.3
   16    400 2.261340694725944e-02 2.6e+00 3.61e-01  2e-01  3e-01 842:20.2
   17    425 1.026571074417948e-02 2.9e+00 3.17e-01  2e-01  2e-01 932:10.7
   18    450 1.489273858410989e-02 3.3e+00 2.95e-01  2e-01  2e-01 941:11.8
   19    475 1.364105044862396e-03 3.3e+00 3.11e-01  2e-01  2e-01 949:41.8
(4_w,8)-aCMA-ES (mu_w=2.6,w_1=52%) in dimension 4 (seed=544776, Sun Feb 20 21:49:36 2022)
Iterat #Fevals   function value  axis ratio  sigma  min&max std  t[m:s]
    1     25 1.853547494289461e-01 1.0e+00 1.63e+00  2e+00  2e+00 8:40.0
    2     50 4.240964109675960e-02 1.4e+00 1.45e+00  1e+00  2e+00 17:18.7
    3     75 9.641173936808578e-02 1.7e+00 1.23e+00  1e+00  1e+00 25:58.8
    4    100 1.019193466880256e-01 1.7e+00 1.41e+00  1e+00  1e+00 174:50.5
    5    125 5.531294852940072e-02 1.6e+00 1.27e+00  1e+00  1e+00 183:09.4
    6    150 1.307483847643454e-04 1.6e+00 1.05e+00  8e-01  1e+00 191:31.3
(4_w,8)-aCMA-ES (mu_w=2.6,w_1=52%) in dimension 4 (seed=553134, Mon Feb 21 01:01:38 2022)
Iterat #Fevals   function value  axis ratio  sigma  min&max std  t[m:s]
    1     25 5.076706644514362e-02 1.0e+00 1.40e+00  1e+00  1e+00 8:33.8
    2     50 1.725530584478081e-01 1.4e+00 1.33e+00  1e+00  1e+00 17:19.6
    3     75 1.272853481730813e-01 1.4e+00 1.18e+00  1e+00  1e+00 26:17.1
    4    100 3.198618438821454e-02 1.5e+00 1.03e+00  8e-01  1e+00 350:09.6
    5    125 1.180132500632387e-01 1.6e+00 9.03e-01  7e-01  9e-01 358:52.1
    6    150 2.568136314614000e-02 1.7e+00 7.30e-01  5e-01  7e-01 367:40.5
    7    175 1.992401405940725e-02 1.7e+00 6.64e-01  4e-01  6e-01 376:43.2
    8    200 1.930203092288996e-02 1.7e+00 6.09e-01  4e-01  6e-01 385:55.7
    9    225 3.427012360407522e-02 1.7e+00 5.25e-01  3e-01  5e-01 405:15.2
   10    250 3.104889793501830e-02 1.9e+00 4.15e-01  2e-01  4e-01 417:15.5
   11    275 2.074530296345189e-03 2.0e+00 3.85e-01  2e-01  3e-01 429:06.7
(4_w,8)-aCMA-ES (mu_w=2.6,w_1=52%) in dimension 4 (seed=553796, Mon Feb 21 08:11:12 2022)
Iterat #Fevals   function value  axis ratio  sigma  min&max std  t[m:s]
    1     25 1.102342872072587e-01 1.0e+00 1.59e+00  2e+00  2e+00 9:15.7
    2     50 2.286412120157622e-02 1.2e+00 1.39e+00  1e+00  1e+00 18:01.8
    3     75 1.185277064672660e-01 1.4e+00 1.25e+00  1e+00  1e+00 28:49.2
    4    100 3.563350443765068e-02 1.4e+00 1.27e+00  1e+00  1e+00 37:27.0
    5    125 5.842547464387504e-03 1.6e+00 1.16e+00  9e-01  1e+00 46:04.9
    6    150 4.456818820427855e-02 1.8e+00 9.71e-01  7e-01  9e-01 72:53.9
    7    175 1.683945471350423e-02 2.0e+00 8.39e-01  6e-01  8e-01 82:05.2
    8    200 1.345928359886894e-03 1.9e+00 7.24e-01  4e-01  7e-01 92:14.9
(4_w,8)-aCMA-ES (mu_w=2.6,w_1=52%) in dimension 4 (seed=542741, Mon Feb 21 09:43:42 2022)
Iterat #Fevals   function value  axis ratio  sigma  min&max std  t[m:s]
    1     25 1.108254080235215e-01 1.0e+00 1.50e+00  1e+00  2e+00 10:15.3
    2     50 5.453449531568444e-02 1.3e+00 1.61e+00  1e+00  2e+00 18:35.9
termination on ftarget=0.005
final/bestever f-value = 1.345928e-03 1.345928e-03
incumbent solution: [0.9855933854678263, 5.959634077160932, 3.3143194164734218, 2.1483640375233466]
std deviation: [0.6887796189226287, 0.5619532705333967, 0.5271837964209191, 0.448011900992926]
CMAEvolutionStrategyResult(xbest=array([0.94172193, 5.95336776, 3.61037224, 2.08982182]), fbest=0.0013459283598868943, evals_best=180, evaluations=200, iterations=8, xfavorite=array([0.98559339, 5.95963408, 3.31431942, 2.14836404]), stds=array([0.68877962, 0.56195327, 0.5271838 , 0.4480119 ]), stop={'ftarget': 0.005})
termination on ftarget=0.005
final/bestever f-value = 2.074530e-03 2.074530e-03
incumbent solution: [1.3445167739324344, 2.394039912855427, -0.774173160823417, 3.7949761763545506]
std deviation: [0.23036402172209114, 0.22335569942011213, 0.22418525930161978, 0.31986868386077594]
CMAEvolutionStrategyResult(xbest=array([ 1.23532664,  2.39309817, -0.68877351,  3.72795083]), fbest=0.0020745302963451895, evals_best=263, evaluations=275, iterations=11, xfavorite=array([ 1.34451677,  2.39403991, -0.77417316,  3.79497618]), stds=array([0.23036402, 0.2233557 , 0.22418526, 0.31986868]), stop={'ftarget': 0.005})
termination on ftarget=0.005
final/bestever f-value = 1.307484e-04 1.307484e-04
incumbent solution: [-0.2443084984259366, 1.0717581171739137, 3.524645629911043, 4.674813868949049]
std deviation: [0.8050339823126009, 0.9150531680910098, 1.0434507329184022, 0.9491421019966836]
CMAEvolutionStrategyResult(xbest=array([-0.49222383,  1.92815189,  2.6764864 ,  4.14618577]), fbest=0.00013074838476434536, evals_best=143, evaluations=150, iterations=6, xfavorite=array([-0.2443085 ,  1.07175812,  3.52464563,  4.67481387]), stds=array([0.80503398, 0.91505317, 1.04345073, 0.9491421 ]), stop={'ftarget': 0.005})
termination on ftarget=0.005
final/bestever f-value = 1.364105e-03 1.364105e-03
incumbent solution: [-1.3677343399704944, 1.181159172071403, 4.064318958995434, 3.3851148519802914]
std deviation: [0.194135991179025, 0.2325621498835161, 0.17645422949251455, 0.17380432870376292]
CMAEvolutionStrategyResult(xbest=array([-1.28643385,  1.22536951,  4.0692574 ,  3.40861035]), fbest=0.001364105044862396, evals_best=452, evaluations=475, iterations=19, xfavorite=array([-1.36773434,  1.18115917,  4.06431896,  3.38511485]), stds=array([0.19413599, 0.23256215, 0.17645423, 0.17380433]), stop={'ftarget': 0.005})
(4_w,8)-aCMA-ES (mu_w=2.6,w_1=52%) in dimension 4 (seed=573519, Mon Feb 21 16:16:39 2022)
Iterat #Fevals   function value  axis ratio  sigma  min&max std  t[m:s]
    1     25 1.095356928007039e-01 1.0e+00 1.48e+00  1e+00  2e+00 545:54.1
    2     50 9.046921722246615e-02 1.4e+00 1.43e+00  1e+00  1e+00 558:34.6
    3     75 1.301549960524303e-01 1.3e+00 1.34e+00  1e+00  1e+00 572:14.8
    4    100 1.775156615694170e-01 1.5e+00 1.46e+00  1e+00  2e+00 593:13.3
    5    125 9.673349453655655e-02 1.7e+00 1.71e+00  2e+00  2e+00 606:34.7
    6    150 1.366003115186520e-01 2.0e+00 2.17e+00  2e+00  3e+00 620:04.5
    7    175 1.134579249979748e-01 2.3e+00 2.50e+00  2e+00  4e+00 633:06.5
    8    200 1.517697808584224e-01 2.7e+00 2.80e+00  2e+00  5e+00 2307:09.1
    9    225 1.308220003863926e-01 3.0e+00 2.85e+00  2e+00  4e+00 2539:20.2
   10    250 5.137612494666499e-02 3.1e+00 2.82e+00  2e+00  4e+00 2590:29.8
   11    275 1.073281802622096e-01 3.2e+00 2.88e+00  2e+00  4e+00 2598:53.1
   12    300 1.940920907898838e-01 3.8e+00 2.46e+00  1e+00  4e+00 2607:13.5
   13    325 7.097731813811192e-02 3.9e+00 2.02e+00  1e+00  3e+00 2615:33.0
   14    350 8.222477398567640e-02 4.0e+00 1.80e+00  9e-01  3e+00 2623:52.8
   15    375 1.564642788536169e-01 4.3e+00 1.85e+00  1e+00  3e+00 2632:53.4
   16    400 7.480601145394539e-02 5.0e+00 1.54e+00  9e-01  3e+00 2779:18.9
   17    425 8.500333397841875e-02 5.9e+00 1.37e+00  7e-01  3e+00 3118:22.2
   18    450 1.368120182561589e-01 7.0e+00 1.35e+00  7e-01  2e+00 3128:57.1
   19    475 3.112785845278188e-03 7.5e+00 1.27e+00  6e-01  2e+00 3260:11.4
(4_w,8)-aCMA-ES (mu_w=2.6,w_1=52%) in dimension 4 (seed=723430, Wed Feb 23 22:37:03 2022)
Iterat #Fevals   function value  axis ratio  sigma  min&max std  t[m:s]
    1     25 1.232919888236712e-01 1.0e+00 1.47e+00  1e+00  2e+00 9:34.6
    2     50 2.368429930713115e-01 1.3e+00 1.36e+00  1e+00  1e+00 18:04.7
    3     75 1.900421869583018e-01 1.4e+00 1.34e+00  1e+00  1e+00 26:24.8
    4    100 1.112309650484398e-01 1.6e+00 1.02e+00  8e-01  1e+00 38:14.8
    5    125 1.160777235120265e-01 1.8e+00 8.59e-01  6e-01  9e-01 239:05.7
    6    150 5.223778416051594e-02 1.8e+00 6.68e-01  4e-01  7e-01 250:35.8
    7    175 4.085877295567952e-02 2.0e+00 5.72e-01  4e-01  6e-01 259:06.4
    8    200 3.538482314958402e-02 1.9e+00 5.08e-01  3e-01  5e-01 267:26.3
    9    225 6.068148036972199e-03 2.0e+00 5.32e-01  3e-01  6e-01 277:06.1
   10    250 1.403014651299217e-03 2.7e+00 5.59e-01  3e-01  7e-01 479:29.5
